sample_index,action_dim_compared,mae,mse,rmse,l2,max_abs
0,20,0.004611024167388678,0.00017046740686055273,0.01305631674173665,0.05838962644338608,0.04170107841491699
1,20,0.00449744239449501,0.000165072429808788,0.012848051595817476,0.05745823308825493,0.04061489179730415
2,20,0.004667405970394611,0.0001687128096818924,0.01298894952187791,0.05808834731578827,0.04106932133436203
3,20,0.004708397202193737,0.00016522410442121327,0.012853952871440493,0.05748462304472923,0.04122736304998398
4,20,0.004454436711966991,0.00016220663383137435,0.012736036818075487,0.05695728957653046,0.04064168781042099
5,20,0.00509576965123415,0.00017264022608287632,0.013139262767860163,0.058760568499565125,0.041395023465156555
6,20,0.004611069802194834,0.00016760687867645174,0.012946307530583836,0.057897645980119705,0.04126410931348801
7,20,0.005693713668733835,0.00017676172137726098,0.01329517662076217,0.05945783853530884,0.04272938147187233
8,20,0.004768886603415012,0.00016747468907851726,0.012941201222394977,0.057874809950590134,0.041281361132860184
9,20,0.00485620042309165,0.00017748758546076715,0.013322446676972183,0.059579793363809586,0.04228071868419647
10,20,0.004843695089221001,0.0001566245628055185,0.012514973543940015,0.05596866086125374,0.04018156975507736
11,20,0.00458375783637166,0.00016900856280699372,0.013000329334558941,0.05813923850655556,0.04113876819610596
12,20,0.0050450158305466175,0.00016596607747487724,0.012882782210177942,0.057613555341959,0.04205317795276642
13,20,0.005438150372356176,0.0001742712192935869,0.013201182496033713,0.05903748422861099,0.04244449362158775
14,20,0.005618862807750702,0.0001583722187206149,0.012584602445870703,0.05628005415201187,0.04095054045319557
15,20,0.004572280682623386,0.0001670092751737684,0.012923206845584744,0.05779433622956276,0.04115087538957596
16,20,0.004686539992690086,0.00016327938647009432,0.012778082268873303,0.05714531987905502,0.04162783920764923
17,20,0.004517808556556702,0.0001622125564608723,0.012736269330572132,0.05695832520723343,0.04142364114522934
18,20,0.0052110059186816216,0.0001678742264630273,0.012956628668871671,0.05794380605220795,0.041706643998622894
19,20,0.005033600609749556,0.00017418475181329995,0.01319790709973744,0.05902283266186714,0.04177260398864746
20,20,0.004609109368175268,0.00016139027138706297,0.012703947079040552,0.05681377649307251,0.04015452414751053
21,20,0.005178843624889851,0.0001845469669206068,0.013584806473432251,0.06075310707092285,0.04482235386967659
22,20,0.004696003161370754,0.00016693116049282253,0.012920184228284925,0.05778082087635994,0.04121699556708336
23,20,0.004468240775167942,0.00016440902254544199,0.01282220817743348,0.05734265595674515,0.04081052541732788
24,20,0.0047396509908139706,0.00016188950394280255,0.012723580625861673,0.056901585310697556,0.04027940332889557
25,20,0.005211695097386837,0.00014374946476891637,0.011989556487581864,0.05361892655491829,0.038632966578006744
26,20,0.0051946574822068214,0.0001696728286333382,0.013025852318882562,0.05825338140130043,0.04097630828619003
27,20,0.004779956303536892,0.00016717500693630427,0.012929617431939131,0.05782300606369972,0.04111573472619057
28,20,0.004792181309312582,0.0001745843910612166,0.013213038676293072,0.059090506285429,0.04206877946853638
29,20,0.00502296956256032,0.00017509970348328352,0.01323252445617553,0.05917764827609062,0.041875507682561874
30,20,0.005645000841468573,0.00016554701142013073,0.012866507351264007,0.05754077062010765,0.04135560244321823
31,20,0.004953747149556875,0.00014938396634534,0.012222273370586179,0.05465966463088989,0.03858399763703346
32,20,0.005096488632261753,0.00017413438763469458,0.013195998925230882,0.059014301747083664,0.04185381159186363
33,20,0.004911321215331554,0.00016637556836940348,0.01289866537163452,0.05768458545207977,0.04096880182623863
34,20,0.004776504822075367,0.00016935970052145422,0.013013827281835817,0.05819960683584213,0.04191446676850319
35,20,0.004711397923529148,0.0001665580493863672,0.012905737072572306,0.057716213166713715,0.04128221422433853
36,20,0.004543124698102474,0.000164041732205078,0.012807877740089417,0.05727856978774071,0.040548115968704224
37,20,0.004765558056533337,0.00016285854508168995,0.012761604330243512,0.05707162618637085,0.04177750274538994
38,20,0.005109396297484636,0.00017604891036171466,0.013268342411986309,0.05933782830834389,0.042806413024663925
39,20,0.004772093612700701,0.00016786497144494206,0.012956271510158393,0.05794220417737961,0.04157492518424988
40,20,0.004905284382402897,0.0001663319708313793,0.012896975259004698,0.057677026838064194,0.04105657711625099
41,20,0.004947802983224392,0.0001694275124464184,0.013016432400870002,0.05821125581860542,0.041114285588264465
42,20,0.005832889582961798,0.0001791601098375395,0.013385070408389321,0.059859853237867355,0.04246145859360695
43,20,0.005607220344245434,0.0001858711475506425,0.013633456918575072,0.060970671474933624,0.043145228177309036
44,20,0.0049248551949858665,0.0001757926365826279,0.01325868155521611,0.059294626116752625,0.04276897758245468
45,20,0.004878452979028225,0.00017032674804795533,0.013050929010915481,0.058365531265735626,0.04135771095752716
46,20,0.004866080824285746,0.00016854327986948192,0.012982421956995617,0.05805915594100952,0.040848374366760254
47,20,0.005091561935842037,0.00015759223606437445,0.012553574632923264,0.056141290813684464,0.04001608490943909
48,20,0.004878080449998379,0.00016402907203882933,0.012807383496984438,0.05727636069059372,0.04126746207475662
49,20,0.005099339876323938,0.0001715669932309538,0.013098358417410702,0.05857763811945915,0.04159853607416153
50,20,0.004989330656826496,0.00016244016296695918,0.012745201566352695,0.056998275220394135,0.04123976454138756
51,20,0.00492770504206419,0.00016631316975690424,0.012896246343680948,0.05767376720905304,0.040838830173015594
52,20,0.004650729708373547,0.00016509353008586913,0.0128488727165409,0.05746190622448921,0.04065609723329544
53,20,0.005579787772148848,0.00017050298629328609,0.013057679207779845,0.05839571729302406,0.04176845774054527
54,20,0.005392597522586584,0.00018276080663781613,0.013518905526625154,0.060458384454250336,0.04414183273911476
55,20,0.004840360023081303,0.0001492016890551895,0.012214814327495506,0.05462631210684776,0.040401190519332886
56,20,0.0050484491512179375,0.000165874749654904,0.012879237153453772,0.05759769678115845,0.040782053023576736
57,20,0.0049016233533620834,0.00015062718011904508,0.012273026526454062,0.05488664284348488,0.039576731622219086
58,20,0.004934174008667469,0.00015659905329812318,0.01251395434297741,0.05596410483121872,0.04028702899813652
59,20,0.004616535734385252,0.00016443838831037283,0.012823353239709684,0.05734777823090553,0.04104791581630707
60,20,0.004988693632185459,0.00016420889005530626,0.012814401665911142,0.05730774626135826,0.04074922204017639
61,20,0.00517853582277894,0.00016770619549788535,0.01295014268253,0.05791480094194412,0.041241466999053955
62,20,0.004616837948560715,0.00017022031533997506,0.013046850782467586,0.05834729224443436,0.041597530245780945
63,20,0.004638821817934513,0.00016925984527915716,0.01300999021057115,0.05818244442343712,0.04149019345641136
64,20,0.004701611120253801,0.0001623293210286647,0.012740852445133517,0.056978821754455566,0.0411783903837204
65,20,0.004473299719393253,0.00016461402992717922,0.012830199917662204,0.05737840011715889,0.040801823139190674
66,20,0.00519907008856535,0.00017254435806535184,0.013135614110704982,0.05874424800276756,0.042095769196748734
67,20,0.005105101503431797,0.0001682559959590435,0.012971352896249623,0.05800965428352356,0.04236699640750885
68,20,0.006051961798220873,0.00018023927987087518,0.013425322337689892,0.06003986671566963,0.041666485369205475
69,20,0.005608380772173405,0.00018032451043836772,0.013428496209120653,0.06005406007170677,0.041984304785728455
70,20,0.005742841865867376,0.00017299575847573578,0.013152785198418462,0.058821044862270355,0.041713327169418335
71,20,0.005982068367302418,0.0001853337453212589,0.013613733702451319,0.06088246777653694,0.044003456830978394
72,20,0.004835200496017933,0.00016720584244467318,0.012930809813954933,0.05782833695411682,0.04121902585029602
73,20,0.005031581036746502,0.00018209635163657367,0.013494308119965754,0.060348380357027054,0.044038619846105576
74,20,0.004837561398744583,0.00017371524882037193,0.01318010807316738,0.058943234384059906,0.04198579490184784
75,20,0.0061730509623885155,0.0001859538460848853,0.013636489507380016,0.06098423898220062,0.044469840824604034
76,20,0.005289581138640642,0.00017972514615394175,0.013406160753696106,0.05995417386293411,0.04250675439834595
77,20,0.0055043078027665615,0.00017418235074728727,0.013197816135531185,0.05902243033051491,0.04261888563632965
78,20,0.005471698474138975,0.00018017421825788915,0.01342289902583973,0.060029029846191406,0.042743660509586334
79,20,0.0054180314764380455,0.00017151185602415353,0.01309625351099136,0.05856822431087494,0.04109746217727661
80,20,0.0051263910718262196,0.00016607546422164887,0.012887026973730165,0.05763253569602966,0.04214183986186981
81,20,0.005421604961156845,0.00014200519945006818,0.011916593449894486,0.05329262837767601,0.038912419229745865
82,20,0.005016449373215437,0.00017172381922136992,0.013104343525006125,0.0586044080555439,0.04169602319598198
83,20,0.005766553804278374,0.00017152869259007275,0.013096896296072316,0.05857110023498535,0.042473204433918
84,20,0.005959154572337866,0.0001540954690426588,0.012413519607374003,0.055514946579933167,0.037997856736183167
85,20,0.004914863500744104,0.00016848977247718722,0.012980361030309874,0.05804993957281113,0.041189976036548615
86,20,0.00550811318680644,0.00018020911375060678,0.01342419881224227,0.06003484129905701,0.04243457689881325
87,20,0.005171512253582478,0.00017489267338532954,0.01322469936842912,0.05914265289902687,0.04251685366034508
88,20,0.005798846483230591,0.00017115096852649003,0.013082467983010318,0.05850657448172569,0.0412096232175827
89,20,0.005124486517161131,0.00018018775153905153,0.01342340312808386,0.060031287372112274,0.04378606379032135
90,20,0.005629966966807842,0.00017745423247106373,0.013321194858985575,0.059574194252491,0.0418352410197258
91,20,0.004936994053423405,0.00017137413669843227,0.013090994488518902,0.05854470655322075,0.04197504371404648
92,20,0.006281084381043911,0.00018918782006949186,0.013754556338518952,0.06151224672794342,0.04259830713272095
93,20,0.005035764537751675,0.00017561246932018548,0.013251885500568796,0.059264231473207474,0.04261470586061478
94,20,0.005803240928798914,0.00020346468954812735,0.014264104933297685,0.06379101425409317,0.047338422387838364
95,20,0.005545677617192268,0.00017108714382629842,0.013080028433696099,0.058495666831731796,0.04187533259391785
96,20,0.007386255078017712,0.00017060381651390344,0.013061539592019902,0.058412980288267136,0.03958747535943985
97,20,0.0062173958867788315,0.0002086382155539468,0.014444314298503296,0.06459694355726242,0.04527575522661209
98,20,0.005535402335226536,0.00018108155927620828,0.013456654832320263,0.06017998978495598,0.04221625626087189
99,20,0.00484513072296977,0.00016922187933232635,0.013008531021307761,0.05817592144012451,0.0429370254278183
100,20,0.005341871175915003,0.00018181644554715604,0.013483932866458362,0.06030198186635971,0.04337508976459503
101,20,0.005327558610588312,0.00017233255493920296,0.013127549464359407,0.05870818719267845,0.04261891916394234
102,20,0.0050714206881821156,0.00017062589176930487,0.013062384612669498,0.058416761457920074,0.04213840514421463
103,20,0.0046873935498297215,0.00016828712250571698,0.012972552659585428,0.058015018701553345,0.04143984988331795
104,20,0.004681299906224012,0.00017291349649894983,0.013149657657100805,0.05880705639719963,0.04178423434495926
105,20,0.004679009318351746,0.00016660720575600863,0.012907641370754326,0.0577247217297554,0.04081253707408905
106,20,0.004712375346571207,0.00017359582125209272,0.013175576695237773,0.05892297253012657,0.04184432700276375
107,20,0.004716105293482542,0.00016764151223469526,0.012947645045902952,0.057903628796339035,0.04111548513174057
108,20,0.004771724343299866,0.00016840982425492257,0.012977281080986208,0.058036163449287415,0.04101230204105377
109,20,0.005224532913416624,0.00017330623813904822,0.01316458271799939,0.05887380242347717,0.04159606993198395
110,20,0.005194083787500858,0.00017531703633721918,0.013240733980305593,0.05921436473727226,0.04270481690764427
111,20,0.004815432708710432,0.0001704847381915897,0.013056980439274224,0.058392591774463654,0.041236184537410736
112,20,0.004847750999033451,0.00016083117225207388,0.012681923050234687,0.056715283542871475,0.04072515666484833
113,20,0.004613970406353474,0.00016667883028276265,0.012910415573588739,0.05773713439702988,0.04112668335437775
114,20,0.004797531757503748,0.00016943957598414272,0.013016895789094369,0.05821332708001137,0.04154582321643829
115,20,0.004954126197844744,0.0001699911372270435,0.01303806493414738,0.05830799415707588,0.041405558586120605
116,20,0.004719236399978399,0.0001684656599536538,0.01297943218918508,0.05804578587412834,0.04104969650506973
117,20,0.004456900060176849,0.00016675448569003493,0.01291334525558869,0.05775023251771927,0.04089497774839401
118,20,0.005016743205487728,0.00017408662824891508,0.013194189184975145,0.059006210416555405,0.04196031764149666
119,20,0.0047368681989610195,0.0001722470624372363,0.013124292835701141,0.058693625032901764,0.04170195758342743
120,20,0.004925411660224199,0.00016586310812272131,0.01287878519592284,0.05759567767381668,0.04065154120326042
121,20,0.005101281218230724,0.0001659958652453497,0.01288393826612615,0.057618722319602966,0.041197411715984344
122,20,0.004699255805462599,0.0001716827682685107,0.013102777120462315,0.05859740078449249,0.04140009358525276
123,20,0.004896907601505518,0.00017074598872568458,0.013066980857324486,0.05843731760978699,0.041311874985694885
124,20,0.004792631603777409,0.00017739002942107618,0.013318784832749427,0.05956341698765755,0.04203721135854721
125,20,0.005370400846004486,0.00018640284542925656,0.013652942738811166,0.061057813465595245,0.04401424527168274
126,20,0.005019873380661011,0.0001617907255422324,0.012719698327485303,0.056884221732616425,0.04163127392530441
127,20,0.0054807099513709545,0.00018222865764982998,0.013499209519443351,0.060370299965143204,0.04268664866685867
128,20,0.004908562172204256,0.00016896493616513908,0.012998651321007849,0.058131735771894455,0.04152505472302437
129,20,0.004977887962013483,0.00018126764916814864,0.013463567475529977,0.060210902243852615,0.042834505438804626
130,20,0.005587119143456221,0.0001628556492505595,0.012761490870997774,0.05707111954689026,0.040801286697387695
131,20,0.004631089977920055,0.0001740108709782362,0.013191318015203644,0.058993369340896606,0.041669294238090515
132,20,0.005675417371094227,0.00018682431255001575,0.013668369052305243,0.06112680584192276,0.04398013651371002
133,20,0.005589400418102741,0.00018633676518220454,0.013650522524145533,0.061046991497278214,0.04266725480556488
134,20,0.005607982166111469,0.00018656460451893508,0.01365886541843557,0.06108430027961731,0.0437530055642128
135,20,0.005110130645334721,0.00018135071150027215,0.013466651829622393,0.06022469699382782,0.042765114456415176
136,20,0.006144487764686346,0.00017846652190200984,0.0133591362708077,0.05974387377500534,0.041445691138505936
137,20,0.005853419192135334,0.00018824236758518964,0.013720144590535104,0.06135835126042366,0.044078294187784195
138,20,0.005778403487056494,0.00018175458535552025,0.013481638823063028,0.06029172241687775,0.0424276664853096
139,20,0.0051973480731248856,0.00014602331793867052,0.012084010838238707,0.054041340947151184,0.0399673655629158
140,20,0.00531425466760993,0.0001854288566391915,0.01361722646647222,0.06089808791875839,0.04420303553342819
141,20,0.005338412243872881,0.0001720548898447305,0.013116969537386693,0.05866086855530739,0.04253348708152771
142,20,0.005294937640428543,0.00016620263340882957,0.012891960029756126,0.057654596865177155,0.04057873412966728
143,20,0.005163903348147869,0.00016188407607842237,0.012723367324667726,0.05690062791109085,0.04006234183907509
144,20,0.007046608719974756,0.0001872786961030215,0.013684980676019294,0.06120109185576439,0.04331405088305473
145,20,0.004930806811898947,0.00017369762645103037,0.013179439534784109,0.05894024297595024,0.04164274036884308
146,20,0.006211475934833288,0.00017776238382793963,0.013332756047717203,0.05962589755654335,0.043267253786325455
147,20,0.006215968634933233,0.00020139415573794395,0.014191340871740907,0.06346560269594193,0.04627743735909462
148,20,0.006141261197626591,0.0001905733806779608,0.01380483178738375,0.06173708662390709,0.04294077306985855
149,20,0.004732661880552769,0.00017487067088950425,0.013223867470959631,0.059138935059309006,0.042269304394721985
150,20,0.005245390348136425,0.00017257945728488266,0.013136950075450644,0.058750227093696594,0.0414712093770504
151,20,0.005332700442522764,0.0001769604568835348,0.013302648491316862,0.05949125438928604,0.043737735599279404
152,20,0.005095512140542269,0.00014983229630161077,0.012240600324396299,0.05474162846803665,0.04035957157611847
153,20,0.005030993837863207,0.00015868728223722428,0.012597114043987388,0.05633601173758507,0.040353208780288696
154,20,0.006231235805898905,0.00017879751976579428,0.01337151897750567,0.059799253940582275,0.04298245161771774
155,20,0.0057317279279232025,0.00017763880896382034,0.013328120983987966,0.05960516631603241,0.044235169887542725
156,20,0.006122130900621414,0.00017280594329349697,0.013145567439007605,0.05878876522183418,0.04204511642456055
157,20,0.0065383464097976685,0.00019257915846537799,0.013877289305385903,0.0620611272752285,0.04622148722410202
158,20,0.0060193524695932865,0.0001597801165189594,0.01264041599469572,0.056529659777879715,0.04009804129600525
159,20,0.005028396844863892,0.00016056348977144808,0.012671364952973618,0.05666806548833847,0.0400187224149704
160,20,0.005435279570519924,0.0001614928914932534,0.012707985343603973,0.05683184042572975,0.04098030924797058
161,20,0.00564018078148365,0.00016971230797935277,0.013027367653495957,0.05826015770435333,0.04210476577281952
162,20,0.0048629953525960445,0.00016180354577954859,0.012720202269600456,0.056886471807956696,0.04085090756416321
163,20,0.006808065809309483,0.0001602408883627504,0.012658629008022568,0.056611109524965286,0.04215338081121445
164,20,0.0067603737115859985,0.0001625461009098217,0.012749356882204752,0.05701686069369316,0.040394045412540436
165,20,0.005819192621856928,0.00016680799308232963,0.012915416876056678,0.057759497314691544,0.03982126712799072
166,20,0.006613072939217091,0.00018896363326348364,0.013746404375817105,0.061475787311792374,0.04344533756375313
167,20,0.0065981680527329445,0.0001846054510679096,0.013586958860168438,0.06076272949576378,0.04407574608922005
168,20,0.006827062461525202,0.00017184967873618007,0.0131091448514455,0.058625880628824234,0.04113195091485977
169,20,0.006918509490787983,0.00021203994401730597,0.014561591397141522,0.06512141227722168,0.04558780789375305
170,20,0.0059877196326851845,0.0001646196178626269,0.012830417680754859,0.05737937614321709,0.040532298386096954
171,20,0.006769692059606314,0.0001847783860284835,0.013593321375899399,0.06079117953777313,0.044080451130867004
172,20,0.0054183718748390675,0.0001608021993888542,0.012680780708964815,0.056710176169872284,0.039949387311935425
173,20,0.007143043912947178,0.0002553882950451225,0.015980872787339322,0.07146863639354706,0.04970841109752655
174,20,0.006067084148526192,0.00018802117847371846,0.01371208147852537,0.06132229045033455,0.04553380608558655
175,20,0.004958347417414188,0.00014318118337541819,0.01196583400250138,0.05351283773779869,0.0404621846973896
176,20,0.005873445421457291,0.00017303161439485848,0.013154148182032102,0.05882713943719864,0.04285750910639763
177,20,0.005704020615667105,0.00018897608970291913,0.013746857448265008,0.061477817595005035,0.044481515884399414
178,20,0.006911075673997402,0.0001725696783978492,0.013136577880020702,0.05874856188893318,0.039672963321208954
179,20,0.004805147647857666,0.00014226064376998693,0.011927306643579971,0.05334053933620453,0.03855708986520767
180,20,0.0047046123072505,0.00016907762619666755,0.013002985280183453,0.05815111845731735,0.041392598301172256
181,20,0.005331956781446934,0.00017699935415294021,0.01330411042320907,0.05949779227375984,0.04396430402994156
182,20,0.004777842201292515,0.00016978317580651492,0.013030087329197564,0.05827232077717781,0.04164581745862961
183,20,0.004626383539289236,0.00016780427540652454,0.012953928956363955,0.05793173238635063,0.0413888581097126
184,20,0.004968357738107443,0.00017423692042939365,0.01319988334908281,0.05903167277574539,0.04203736037015915
185,20,0.00556591060012579,0.00018099002772942185,0.013453253425451474,0.06016477569937706,0.044899147003889084
186,20,0.004652506206184626,0.0001702750159893185,0.013048946930282095,0.05835666507482529,0.04127812758088112
187,20,0.004597860388457775,0.00017038709484040737,0.013053240779224422,0.05837586894631386,0.04131736233830452
188,20,0.008562901988625526,0.00026155036175623536,0.01617251872023141,0.072325699031353,0.05118921399116516
189,20,0.005751288495957851,0.00015931788948364556,0.012622119056784623,0.0564478300511837,0.03990158066153526
190,20,0.005100603215396404,0.00017769052647054195,0.01333006100775769,0.059613846242427826,0.042878299951553345
191,20,0.006157442927360535,0.00019895895093213767,0.014105280958993254,0.06308073550462723,0.04548316076397896
192,20,0.005873332731425762,0.0001878531475085765,0.013705952995270942,0.06129488721489906,0.04498770087957382
193,20,0.0053481608629226685,0.00017597652913536876,0.013265614540433804,0.05932563170790672,0.042412612587213516
194,20,0.006031990982592106,0.0002082880528178066,0.014432188081431263,0.06454271078109741,0.046003229916095734
195,20,0.00633617490530014,0.00020619298447854817,0.014359421453476047,0.06421727687120438,0.047080427408218384
196,20,0.0068445950746536255,0.00023817710462026298,0.01543298754681876,0.0690184161067009,0.04819975793361664
197,20,0.005719951819628477,0.00015785382129251957,0.012563989067669534,0.05618786811828613,0.04067378491163254
198,20,0.005564459599554539,0.00019016492296941578,0.013790029839322893,0.06167088821530342,0.04471907019615173
199,20,0.005225847475230694,0.00018077790446113795,0.01344536739777452,0.06012951210141182,0.042925797402858734
200,20,0.0071594854816794395,0.00020010450680274516,0.014145830014627814,0.06326206773519516,0.04793054610490799
201,20,0.005227978341281414,0.00018219492631033063,0.013497960079594643,0.06036471575498581,0.045483581721782684
202,20,0.006245558150112629,0.00021795339125674218,0.014763244604650503,0.06602323800325394,0.04898666962981224
203,20,0.005572311580181122,0.00019354693358764052,0.013912114633931124,0.062216866761446,0.04467512667179108
204,20,0.005235355347394943,0.0001861363125499338,0.013643178242254764,0.06101414933800697,0.044536907225847244
205,20,0.00712298508733511,0.0002176294510718435,0.01475226935328404,0.0659741535782814,0.048762526363134384
206,20,0.005289577413350344,0.0001713001838652417,0.013088169614779667,0.058532074093818665,0.04135166108608246
207,20,0.004667957779020071,0.00017324788495898247,0.01316236623707844,0.058863893151283264,0.0430324450135231
208,20,0.0059332470409572124,0.00017642739112488925,0.013282597303422598,0.059401579201221466,0.042478032410144806
209,20,0.006776308175176382,0.00016542714729439467,0.01286184851778292,0.05751993507146835,0.03897418826818466
210,20,0.005531636066734791,0.0001642274874029681,0.012815127287817632,0.05731099098920822,0.04275005683302879
211,20,0.005292084068059921,0.00015103719488251954,0.012289719072563031,0.05496129021048546,0.04141492024064064
212,20,0.007874108850955963,0.0002652086259331554,0.016285227230012956,0.07282975316047668,0.058026161044836044
213,20,0.00750381126999855,0.00018067422206513584,0.013441511152587564,0.06011226773262024,0.04334523156285286
214,20,0.006168725900352001,0.0001838525349739939,0.013559223243755296,0.06063868850469589,0.04447394609451294
215,20,0.005335962865501642,0.00017795170424506068,0.013339853981399523,0.059657640755176544,0.04407074302434921
216,20,0.007271864917129278,0.00018539406300988048,0.013615948847211512,0.06089237332344055,0.04490695148706436
217,20,0.007660523056983948,0.0002093504590447992,0.014468948097384247,0.06470710039138794,0.0458567850291729
218,20,0.006765206344425678,0.0001973402249859646,0.014047783632515295,0.06282360106706619,0.04802396148443222
219,20,0.0052571906708180904,0.00016780263104010373,0.012953865486413842,0.05793144553899765,0.04110695421695709
220,20,0.004816860891878605,0.000160180454258807,0.012656241711456328,0.056600432842969894,0.040085919201374054
221,20,0.006086981389671564,0.00016561118536628783,0.012869000946704753,0.05755192041397095,0.04123346880078316
222,20,0.005069150123745203,0.00017113168723881245,0.013081731049016887,0.05850328132510185,0.04425407946109772
223,20,0.005597188137471676,0.0001726423215586692,0.013139342508613937,0.058760929852724075,0.04239000380039215
224,20,0.00744193559512496,0.00019690507906489074,0.014032287021896706,0.06275429576635361,0.041967108845710754
225,20,0.007285389117896557,0.00016169893206097186,0.012716089495633942,0.05686808004975319,0.04014202952384949
226,20,0.005943419877439737,0.00017432162712793797,0.013203091574625164,0.05904602259397507,0.044796258211135864
227,20,0.005205701105296612,0.00015120272291824222,0.012296451639324338,0.054991401731967926,0.04005930572748184
228,20,0.007581032812595367,0.00017380574718117714,0.013183540767987072,0.05895858630537987,0.03800491243600845
229,20,0.006407208740711212,0.0001825908402679488,0.013512617816986788,0.060430265963077545,0.04328735172748566
230,20,0.00521571421995759,0.00019517575856298208,0.013970531792418715,0.062478117644786835,0.04415062069892883
231,20,0.004968991968780756,0.0001643489085836336,0.01281986382859169,0.057332172989845276,0.04107299819588661
232,20,0.004879124462604523,0.00016196395154111087,0.012726505865362687,0.056914668530225754,0.040432460606098175
233,20,0.006240190006792545,0.00019456029986031353,0.013948487368181309,0.06237953156232834,0.04346229135990143
234,20,0.004998425487428904,0.00016821894678287208,0.01296992470228228,0.058003269135951996,0.04152512550354004
235,20,0.006450229324400425,0.0001730099320411682,0.01315332399210056,0.05882345139980316,0.040281638503074646
236,20,0.004796627443283796,0.00017317081801593304,0.013159438362480864,0.05885079503059387,0.04379848390817642
237,20,0.005604506470263004,0.00019069496192969382,0.013809234661258161,0.06175677478313446,0.044622085988521576
238,20,0.0046281712129712105,0.0001715145044727251,0.013096354625342317,0.05856867879629135,0.04228372871875763
239,20,0.004571211989969015,0.00016209366731345654,0.012731601129216095,0.05693745240569115,0.04069513827562332
240,20,0.005078855901956558,0.00017088254389818758,0.013072205012857914,0.05846067890524864,0.04296751320362091
241,20,0.004742791410535574,0.0001643092546146363,0.012818317152209813,0.05732525885105133,0.041180238127708435
242,20,0.004598760977387428,0.00015330375754274428,0.012381589459465383,0.05537215247750282,0.0408373586833477
243,20,0.0051144929602742195,0.00015665141108911484,0.01251604614441457,0.05597345903515816,0.041271623224020004
244,20,0.00442080432549119,0.00016359017172362655,0.012790237359940846,0.05719968304038048,0.0412818118929863
245,20,0.004298246931284666,0.0001594809873495251,0.01262857819984202,0.056476715952157974,0.04122334346175194
246,20,0.004828243050724268,0.00015570510004181415,0.012478184965843957,0.055804140865802765,0.0406193807721138
247,20,0.004546683747321367,0.00016416533617302775,0.012812702141743081,0.0573001466691494,0.040949247777462006
248,20,0.004598493687808514,0.0001638932153582573,0.012802078556166467,0.057252634316682816,0.04104732722043991
249,20,0.004618625156581402,0.00016832050459925085,0.012973839238993631,0.05802077427506447,0.04147955775260925
250,20,0.004613214172422886,0.0001644047151785344,0.012822040211235277,0.05734190344810486,0.040988363325595856
251,20,0.00484228041023016,0.00017061736434698105,0.013062058197197754,0.05841530114412308,0.041174083948135376
252,20,0.004868631716817617,0.00016865743964444846,0.012986817918352765,0.058078814297914505,0.04131990298628807
253,20,0.004676532931625843,0.00016271209460683167,0.01275586510617103,0.057045962661504745,0.04061930626630783
254,20,0.0046292515471577644,0.00016610704187769443,0.012888252087761724,0.0576380155980587,0.0412585586309433
255,20,0.004581957124173641,0.00016861870244611055,0.012985326428169242,0.05807214602828026,0.04141509532928467
256,20,0.0048553915694355965,0.0001635218068258837,0.012787564538483615,0.057187724858522415,0.04063240811228752
257,20,0.005431807599961758,0.00017749032122083008,0.013322549351412817,0.059580247849226,0.04350229352712631
258,20,0.004373739007860422,0.00016274031077045947,0.012756971065674621,0.0570509098470211,0.04099436104297638
259,20,0.00443309685215354,0.0001674582454143092,0.012940565884624567,0.057871971279382706,0.04116259142756462
260,20,0.00470752501860261,0.0001605065044714138,0.012669116167729057,0.05665801092982292,0.04061494395136833
261,20,0.0045408522710204124,0.00016161531675606966,0.012712801294603391,0.05685337260365486,0.04128094017505646
262,20,0.004918660502880812,0.00016648636665195227,0.012902959608243074,0.057703789323568344,0.04134766012430191
263,20,0.004706643521785736,0.00016126735135912895,0.012699108289920555,0.05679214000701904,0.04169241338968277
264,20,0.004860027693212032,0.00016644045535940677,0.012901180386282752,0.05769583210349083,0.042031429708004
265,20,0.004856133833527565,0.00016917975153774023,0.013006911683322072,0.058168675750494,0.041748955845832825
266,20,0.004376477561891079,0.0001636981760384515,0.01279445880209286,0.05721856281161308,0.04132457822561264
267,20,0.004861111752688885,0.0001587533188285306,0.012599734871358627,0.05634773150086403,0.04036539047956467
268,20,0.005115944892168045,0.0001645055745029822,0.012825972653291532,0.057359494268894196,0.04093006253242493
269,20,0.00494737084954977,0.00017572406795807183,0.013256095501997254,0.0592830628156662,0.041821517050266266
270,20,0.005333798937499523,0.00016792118549346924,0.012958440704555053,0.0579519085586071,0.04088987410068512
271,20,0.004686080850660801,0.00017290518735535443,0.01314934170806107,0.058805644512176514,0.041767071932554245
272,20,0.004847180098295212,0.00016761872393544763,0.012946764998850007,0.05789969488978386,0.04235902428627014
273,20,0.004930094815790653,0.00017716498405206949,0.013310333731806633,0.05952562391757965,0.04264277219772339
274,20,0.00469167297706008,0.00016472792776767164,0.012834637812095503,0.0573982410132885,0.04106550291180611
275,20,0.004407767206430435,0.00015648247790522873,0.012509295659837476,0.05594326928257942,0.039546817541122437
276,20,0.005002317018806934,0.00017349151312373579,0.013171617710962301,0.05890526622533798,0.04210236668586731
277,20,0.005041751079261303,0.0001591477484907955,0.012615377461288881,0.05641768127679825,0.04027113318443298
278,20,0.004890975542366505,0.00016871918342076242,0.012989194871921909,0.05808944255113602,0.042591799050569534
279,20,0.006088157184422016,0.00016967268311418593,0.013025846733099002,0.05825335904955864,0.04150569438934326
280,20,0.004812081344425678,0.00014906439173500985,0.012209192919067576,0.054601170122623444,0.0427447184920311
281,20,0.004602243658155203,0.0001323190808761865,0.011503003124236143,0.05144299194216728,0.04046115279197693
282,20,0.004013471771031618,0.00011717401503119618,0.010824694685357005,0.04840950667858124,0.03969768434762955
283,20,0.004820605274289846,0.00010531094449106604,0.01026211208723945,0.045893557369709015,0.038236960768699646
284,20,0.004073710180819035,0.00011023758997907862,0.010499409029992052,0.04695478081703186,0.04157358035445213
285,20,0.0039251698181033134,0.00010796283459058031,0.010390516569958411,0.046467799693346024,0.04188733547925949
286,20,0.0036214892752468586,0.00010608027514535934,0.010299527908858703,0.04606088995933533,0.04154171049594879
287,20,0.003795738099142909,0.00010629126336425543,0.010309765436917341,0.046106673777103424,0.0417645126581192
288,20,0.003987932577729225,0.00010222793935099617,0.01011078332034646,0.04521679878234863,0.04050420597195625
289,20,0.004086250904947519,0.00011378953786334023,0.010667217906433721,0.04770524799823761,0.041839152574539185
290,20,0.003996150102466345,0.00010173630289500579,0.01008644153777762,0.04510793834924698,0.041584648191928864
291,20,0.004155879840254784,0.00011249877570662647,0.010606544003898087,0.04743390902876854,0.043630048632621765
292,20,0.004410597495734692,0.00010182456753682345,0.010090815999552437,0.0451274998486042,0.04028917849063873
293,20,0.00448661670088768,0.0001070649377652444,0.010347218842048544,0.04627417027950287,0.04240800067782402
294,20,0.0057410248555243015,0.00012927020725328475,0.01136970568015218,0.050846874713897705,0.043989233672618866
295,20,0.0036985892802476883,0.00010934895544778556,0.010457005089784817,0.046765148639678955,0.04294513911008835
296,20,0.004293359816074371,0.00010603090049698949,0.01029713069243027,0.046050168573856354,0.04166080057621002
297,20,0.00442082853987813,0.00011230956442886963,0.010597620696593629,0.04739399626851082,0.04351476579904556
298,20,0.004100583493709564,9.945144120138139e-05,0.009972534341950464,0.0445985272526741,0.040566880255937576
299,20,0.004973032511770725,0.00010785435733851045,0.010385295245611001,0.04644445329904556,0.04102773219347
300,20,0.004137897398322821,0.00010109790309797972,0.01005474530249174,0.044966187328100204,0.04171111434698105
301,20,0.003985872026532888,9.415247768629342e-05,0.009703219964851535,0.043394122272729874,0.039347052574157715
302,20,0.003827736945822835,0.00010036093590315431,0.01001803054013883,0.044801995158195496,0.04199087619781494
303,20,0.003643075004220009,9.456091356696561e-05,0.009724243598705537,0.04348813742399216,0.040637847036123276
304,20,0.0035421475768089294,9.747622243594378e-05,0.009873004731891087,0.04415341839194298,0.04179971292614937
305,20,0.0035483918618410826,9.425933967577294e-05,0.009708724925332519,0.04341873899102211,0.04059845209121704
306,20,0.003973578102886677,0.00010776756244013086,0.010381115664519438,0.04642575979232788,0.04357375204563141
307,20,0.0036035780794918537,9.43813138292171e-05,0.009715004571754823,0.043446820229291916,0.04113687947392464
308,20,0.004385706968605518,9.451490768697113e-05,0.009721877786054047,0.043477561324834824,0.03975129872560501
309,20,0.0035172258503735065,9.061475429916754e-05,0.009519178236547918,0.0425710566341877,0.04010099172592163
310,20,0.0045341853983700275,8.984932355815545e-05,0.00947888830813801,0.04239087924361229,0.03888759762048721
311,20,0.0037235424388200045,9.922846220433712e-05,0.009961348412957812,0.044548507779836655,0.04182882234454155
312,20,0.004469826817512512,0.00011158323468407616,0.010563296582226411,0.047240499407052994,0.044644806534051895
313,20,0.003846166655421257,0.00012211980356369168,0.011050782938945623,0.04942060261964798,0.04749599099159241
314,20,0.0036198024172335863,9.094647248275578e-05,0.009536585997240091,0.042648907750844955,0.04043480008840561
315,20,0.0037583038210868835,9.959412273019552e-05,0.009979685502569483,0.0446305088698864,0.04232444614171982
316,20,0.003683828515931964,9.809933544602245e-05,0.009904510863542049,0.0442943200469017,0.04203968122601509
317,20,0.0035135429352521896,9.831751231104136e-05,0.009915518761569733,0.04434354975819588,0.04197259619832039
318,20,0.0042536151595413685,0.00010591038881102577,0.01029127731678754,0.04602399095892906,0.04248698055744171
319,20,0.003998639993369579,0.00010593071056064218,0.010292264598262239,0.04602840542793274,0.04335504025220871
320,20,0.0034015581477433443,9.639923518989235e-05,0.009818311218834547,0.043908823281526566,0.04211023449897766
321,20,0.004459720104932785,0.00010506670514587313,0.01025020512701444,0.0458403117954731,0.04271674156188965
322,20,0.003809913294389844,0.00010251168714603409,0.010124805536208292,0.045279502868652344,0.0424465537071228
323,20,0.004712493624538183,0.00011198257561773062,0.010582181987554864,0.047324955463409424,0.043497614562511444
324,20,0.0036519556306302547,0.0001045914032147266,0.010226993850331904,0.045736510306596756,0.043433062732219696
325,20,0.0034841529559344053,9.750748722581193e-05,0.009874587952203976,0.044160500168800354,0.04185442253947258
326,20,0.003681804286316037,0.00010522546654101461,0.010257946507026374,0.045874930918216705,0.04260726645588875
327,20,0.0036472745705395937,0.00010747258784249425,0.01036689866076129,0.04636218026280403,0.04359980672597885
328,20,0.0033001601696014404,0.00010005396325141191,0.010002697798664714,0.04473342001438141,0.04262105002999306
329,20,0.004723148420453072,0.00010189883323619142,0.010094495194718328,0.04514395445585251,0.040849752724170685
330,20,0.005298505537211895,0.00012962741311639547,0.01138540351135591,0.05091707035899162,0.046756811439991
331,20,0.003965572454035282,0.00010895661398535594,0.010438228488845985,0.046681176871061325,0.04303876683115959
332,20,0.004054763820022345,0.00010877610475290567,0.010429578359306078,0.0466424934566021,0.04306171089410782
333,20,0.00424011517316103,9.844254236668348e-05,0.009921821524633643,0.04437173530459404,0.04055993631482124
334,20,0.003555555595085025,0.00010111551091540605,0.010055620861757172,0.04497010260820389,0.04250248894095421
335,20,0.003589404746890068,9.340485848952085e-05,0.00966461890037682,0.04322148859500885,0.04073045402765274
336,20,0.003404323011636734,9.572406997904181e-05,0.009783867843498389,0.043754786252975464,0.04128500819206238
337,20,0.003654155880212784,9.67454761848785e-05,0.009835927825318691,0.04398760572075844,0.041273556649684906
338,20,0.0036434598732739687,0.00010281817230861634,0.010139929600772203,0.04534714296460152,0.04265223443508148
339,20,0.004208147060126066,9.148154640570283e-05,0.009564598601389545,0.04277418181300163,0.03982982039451599
340,20,0.003342906478792429,0.00010034054139396176,0.010017012598273088,0.044797442853450775,0.04214217886328697
341,20,0.004342279862612486,8.768796396907419e-05,0.009364185173792443,0.04187791049480438,0.03865602985024452
342,20,0.0034557320177555084,9.651682921685278e-05,0.009824297899435501,0.04393559694290161,0.04147657752037048
343,20,0.004095508251339197,0.00010861677583307028,0.010421937239931464,0.046608321368694305,0.043139055371284485
344,20,0.003597693983465433,9.537667938275263e-05,0.009766098472919092,0.04367532208561897,0.04142168536782265
345,20,0.0032383922953158617,0.00010233339708065614,0.010115997087813744,0.045240115374326706,0.042928870767354965
346,20,0.004011099226772785,0.00011077342787757516,0.01052489562312022,0.0470687672495842,0.04437007009983063
347,20,0.0040110028348863125,9.617434261599556e-05,0.009806851819824523,0.043857574462890625,0.04165691137313843
348,20,0.003910304978489876,8.866999269230291e-05,0.009416474536274333,0.042111754417419434,0.03972110152244568
349,20,0.003927803598344326,9.9339617008809e-05,0.009966926156484205,0.04457344487309456,0.0411708764731884
350,20,0.0036704367958009243,8.90553928911686e-05,0.009436916492751676,0.04220317676663399,0.039530977606773376
351,20,0.003848714055493474,9.506920468993485e-05,0.009750343824190757,0.04360486567020416,0.03971073776483536
352,20,0.0036867863964289427,0.00010042218491435051,0.01002108701261248,0.04481566324830055,0.041904717683792114
353,20,0.0037253692280501127,9.830427734414116e-05,0.00991485135259935,0.04434056207537651,0.04115498065948486
354,20,0.0033916593529284,9.504611080046743e-05,0.009749159492000704,0.04359956830739975,0.040974199771881104
355,20,0.004089311230927706,0.00011114771768916398,0.010542661793359586,0.047148220241069794,0.04384259134531021
356,20,0.0036110742948949337,0.00010130014561582357,0.010064797345988818,0.045011140406131744,0.04245401546359062
357,20,0.0036916180979460478,0.00010128864232683554,0.010064225868234255,0.045008584856987,0.04195740446448326
358,20,0.0038125335704535246,9.455596591578797e-05,0.009723989197638384,0.043487001210451126,0.040715571492910385
359,20,0.003743228269740939,0.00010172562906518579,0.010085912406182486,0.045105572789907455,0.042494095861911774
360,20,0.003786762710660696,0.00010052278230432421,0.010026105041556477,0.04483810439705849,0.04183610528707504
361,20,0.003671725047752261,9.76852752501145e-05,0.009883586153320793,0.04420074075460434,0.041291289031505585
362,20,0.004413331393152475,0.00010517371993046254,0.010255423927388986,0.04586365073919296,0.042074475437402725
363,20,0.003648144658654928,0.00010128589201485738,0.010064089229277401,0.04500797390937805,0.04212895780801773
364,20,0.003807330969721079,0.00010474464215803891,0.010234482994174104,0.04576999694108963,0.04330887645483017
365,20,0.0035200188867747784,0.00010415816359454766,0.010205790689336504,0.04564168304204941,0.043228134512901306
366,20,0.0038272328674793243,0.00010421565093565732,0.010208606708834332,0.04565427824854851,0.04335404932498932
367,20,0.004140482749789953,0.00010300018766429275,0.010148900810644113,0.04538726061582565,0.042634040117263794
368,20,0.0038057812489569187,0.00010434610157972202,0.010214993958868601,0.045682840049266815,0.04307669773697853
369,20,0.004450250882655382,0.00011002241080859676,0.010489156820669466,0.04690893739461899,0.04368043690919876
370,20,0.004478014074265957,0.00011514786456245929,0.010730697300849525,0.0479891374707222,0.044579289853572845
371,20,0.004203506745398045,0.00011157723929500207,0.010563012794416283,0.04723922908306122,0.04486330598592758
372,20,0.004114483017474413,0.00010458804899826646,0.01022682986062966,0.04573577269911766,0.04277164116501808
373,20,0.0047740451991558075,0.00010835713328560814,0.010409473247268958,0.04655258357524872,0.041949424892663956
374,20,0.005209478083997965,0.00011377048213034868,0.010666324677711095,0.04770125448703766,0.04209991544485092
375,20,0.005037413444370031,0.00011169104982400313,0.01056839864047544,0.04726331681013107,0.042129967361688614
376,20,0.0059831226244568825,0.0001228994078701362,0.011086000535366044,0.04957810044288635,0.04312776029109955
377,20,0.005615501664578915,0.00011802963854279369,0.010864144630056877,0.048585932701826096,0.04236835613846779
378,20,0.004922767635434866,0.00010826588550116867,0.010405089403804692,0.046532973647117615,0.04091012850403786
379,20,0.004189156461507082,0.00010202254634350538,0.010100621087017638,0.0451713502407074,0.04200083762407303
380,20,0.0044702463783323765,0.00010679877595975995,0.010334349324449989,0.046216610819101334,0.041716188192367554
381,20,0.004529337398707867,0.00011400676157791167,0.010677394887233106,0.04775076359510422,0.04374103248119354
382,20,0.004148486070334911,0.00010157575889024884,0.010078479989078156,0.04507233202457428,0.04224502295255661
383,20,0.0037273026537150145,0.00010043665679404512,0.010021809057951818,0.04481889307498932,0.04221632331609726
384,20,0.004028191789984703,9.885102190310135e-05,0.009942385121443513,0.04446369782090187,0.04169861227273941
385,20,0.004111941438168287,0.00010584898700471967,0.010288293687717108,0.04601064696907997,0.042943548411130905
386,20,0.003667632583528757,9.711438178783283e-05,0.00985466294643469,0.044071394950151443,0.04133290797472
387,20,0.004392913077026606,0.00011168511264258996,0.010568117743599848,0.04726205766201019,0.043912723660469055
388,20,0.0036773011088371277,9.371912892675027e-05,0.009680864058892175,0.04329414293169975,0.0407094731926918
389,20,0.004421642050147057,0.00010395903518656269,0.010196030364144798,0.04559803381562233,0.04151950776576996
390,20,0.00388742471113801,0.00010086192196467891,0.01004300363261305,0.044913675636053085,0.04218507185578346
391,20,0.004776570480316877,0.00011165655450895429,0.010566766511518758,0.04725601524114609,0.043019428849220276
392,20,0.004225561395287514,9.994393622037023e-05,0.009997196418014914,0.044708821922540665,0.04085347056388855
393,20,0.004178748931735754,0.0001053550950018689,0.010264263003346558,0.04590317979454994,0.041836172342300415
394,20,0.004747568629682064,0.00010416081931907684,0.010205920797217508,0.04564226418733597,0.0405755415558815
395,20,0.0036862108390778303,9.927037172019482e-05,0.009963451797454274,0.04455791041254997,0.041829515248537064
396,20,0.004495448898524046,0.00011849404836539179,0.010885497157474793,0.04868142679333687,0.044684600085020065
397,20,0.00445615965873003,0.00010366113565396518,0.010181411280071401,0.04553265497088432,0.04052029177546501
398,20,0.0036271680146455765,0.0001005154917947948,0.010025741458605185,0.04483648017048836,0.04226557910442352
399,20,0.004555666819214821,9.87187959253788e-05,0.009935733285740857,0.04443395137786865,0.04094529524445534
400,20,0.0041627357713878155,0.00010764123726403341,0.010375029506658447,0.04639854654669762,0.04355112090706825
401,20,0.004066403489559889,9.644615784054622e-05,0.00982070047606311,0.043919507414102554,0.041176676750183105
402,20,0.003236976219341159,9.41191756282933e-05,0.0097015037818007,0.043386444449424744,0.04113734886050224
403,20,0.003346529556438327,9.400180715601891e-05,0.009695452911340394,0.043359383940696716,0.04117954149842262
404,20,0.0035649524070322514,9.854424570221454e-05,0.009926945436649409,0.04439465329051018,0.042215634137392044
405,20,0.003568868385627866,9.445436444366351e-05,0.009718763524423439,0.043463632464408875,0.04105691984295845
406,20,0.003757137106731534,0.00010068238771054894,0.010034061376658453,0.0448736846446991,0.04192632436752319
407,20,0.00367467338219285,9.699048678157851e-05,0.00984837482946189,0.044043272733688354,0.04151349514722824
408,20,0.0034752630162984133,9.126311488216743e-05,0.009553173026914535,0.04272308945655823,0.04039698839187622
409,20,0.0039341808296740055,0.00010016647865995765,0.010008320471485595,0.044758569449186325,0.04191494360566139
410,20,0.0038820349145680666,9.426283941138536e-05,0.009708905160283797,0.043419547379016876,0.04031788557767868
411,20,0.00378817250020802,9.713554027257487e-05,0.009855736414524025,0.044076189398765564,0.041470326483249664
412,20,0.0036940264981240034,9.466806659474969e-05,0.009729751620403765,0.043512772768735886,0.040891535580158234
413,20,0.0037272379267960787,9.2938011221122e-05,0.009640436256784337,0.0431133434176445,0.040506329387426376
414,20,0.004148627631366253,8.03233779151924e-05,0.00896233105364851,0.04008076339960098,0.03608497232198715
415,20,0.005125447176396847,9.453837265027687e-05,0.009723084523456374,0.043482959270477295,0.0391361266374588
416,20,0.0042863828130066395,9.442889859201387e-05,0.009717453297650258,0.043457772582769394,0.04045991599559784
417,20,0.006228000856935978,0.00011947192251682281,0.010930321244905056,0.048881880939006805,0.04122503846883774
418,20,0.005154091399163008,0.00010022830974776298,0.010011408979147889,0.04477238282561302,0.04016847908496857
419,20,0.005097646266222,0.0001074188039638102,0.01036430431644161,0.04635057970881462,0.0413176566362381
420,20,0.00419200723990798,0.00011432728206273168,0.010692393654497185,0.047817837446928024,0.04514048993587494
421,20,0.005281721241772175,0.00010615873907227069,0.010303336307831104,0.046077921986579895,0.040082015097141266
422,20,0.004994008224457502,0.00010658438259270042,0.010323971260745567,0.046170204877853394,0.04210738092660904
423,20,0.003794332966208458,0.00010650494368746877,0.01032012323993608,0.0461529940366745,0.044831059873104095
424,20,0.004629962611943483,0.00011145102325826883,0.010557036670309942,0.04721250385046005,0.0432422012090683
425,20,0.0037773028016090393,9.265846165362746e-05,0.009625926534813542,0.043048448860645294,0.04037262499332428
426,20,0.0036713765002787113,9.933493856806308e-05,0.009966691455446139,0.04457239806652069,0.041654445230960846
427,20,0.003966826945543289,9.279514051740989e-05,0.009633023435942108,0.04308019205927849,0.039539843797683716
428,20,0.00415187980979681,0.00010526743426453322,0.010259991923219688,0.04588408023118973,0.042670492082834244
429,20,0.003346571233123541,8.461296238237992e-05,0.009198530446890955,0.041137076914310455,0.0397314615547657
430,20,0.0034219026565551758,9.566672088112682e-05,0.009780936605516204,0.043741680681705475,0.04158690199255943
431,20,0.004571906756609678,0.00011882309627253562,0.010900600729892625,0.04874896630644798,0.04492102563381195
432,20,0.0033727213740348816,9.299593511968851e-05,0.009643440004463578,0.043126773089170456,0.04136504977941513
433,20,0.00342562492005527,9.757191583048552e-05,0.009877849757436358,0.04417508468031883,0.042490482330322266
434,20,0.0037453086115419865,0.00010233839566353709,0.010116244148078726,0.04524121806025505,0.04308261722326279
435,20,0.003838673932477832,0.00010240748815704137,0.010119658500020709,0.045256491750478745,0.04285048320889473
436,20,0.0037265694700181484,0.00010315728286514059,0.010156637379819198,0.04542186111211777,0.04369596391916275
437,20,0.003445092588663101,8.849806181387976e-05,0.009407340847119326,0.0420709066092968,0.040303394198417664
438,20,0.003543928964063525,9.351970948046073e-05,0.009670558902176272,0.04324805736541748,0.04108164831995964
439,20,0.003981887362897396,9.619123738957569e-05,0.009807713157998438,0.043861426413059235,0.04086555540561676
440,20,0.003449340583756566,8.99109072634019e-05,0.009482136218353008,0.042405400425195694,0.04032480716705322
441,20,0.003405815688893199,9.164188668364659e-05,0.009572976897686873,0.04281165450811386,0.04119831696152687
442,20,0.003581021446734667,9.480428707320243e-05,0.009736749307299763,0.043544065207242966,0.04139257222414017
443,20,0.0032176177483052015,8.559021080145612e-05,0.009251497759901157,0.04137395694851875,0.03904641047120094
444,20,0.0033973208628594875,9.209829295286909e-05,0.00959678555313544,0.0429181307554245,0.04079890251159668
445,20,0.0035770125687122345,9.80598633759655e-05,0.009902518032094944,0.044285405427217484,0.04233016073703766
446,20,0.004989892244338989,0.00010274230589857325,0.010136187937216498,0.045330412685871124,0.04159543663263321
447,20,0.003792655421420932,9.550190588925034e-05,0.009772507656136697,0.04370398074388504,0.041486166417598724
448,20,0.00421979371458292,9.471554949413985e-05,0.009732191402461208,0.04352368786931038,0.04110588878393173
449,20,0.0035817648749798536,9.202400542562827e-05,0.009592914334321363,0.04290081560611725,0.040906138718128204
450,20,0.003994111903011799,9.402866999153048e-05,0.009696838144030788,0.04336557909846306,0.04014849290251732
451,20,0.004907370079308748,9.895768016576767e-05,0.009947747492059077,0.04448768123984337,0.04096455127000809
452,20,0.004282708745449781,8.988600166048855e-05,0.00948082283667871,0.04239952936768532,0.03999686613678932
453,20,0.00395827554166317,9.558253805153072e-05,0.009776632244875058,0.043722428381443024,0.04077360779047012
454,20,0.003983977250754833,9.414968371856958e-05,0.009703075992620566,0.04339347779750824,0.041130226105451584
455,20,0.003688819007948041,9.674621833255515e-05,0.009835965551614907,0.04398777708411217,0.04187554866075516
456,20,0.00493415305390954,0.00011330485722282901,0.01064447543201773,0.047603540122509,0.04415737837553024
457,20,0.003833521157503128,0.0001001181299216114,0.010005904752775303,0.04474776238203049,0.042444199323654175
458,20,0.00385390711016953,9.929203952196985e-05,0.009964539102335334,0.044562771916389465,0.042173389345407486
459,20,0.0042732576839625835,0.00010120343358721584,0.010059991728983472,0.044989652931690216,0.041958682239055634
460,20,0.004446849226951599,0.00011073100904468447,0.010522880263724589,0.04705975577235222,0.04404718056321144
461,20,0.005351903848350048,0.00010748150816652924,0.010367328882915272,0.04636410251259804,0.040758486837148666
462,20,0.0043961359187960625,0.00010485060920473188,0.01023965864688525,0.04579314589500427,0.04199288412928581
463,20,0.004323073662817478,0.00010155893687624484,0.010077645403378948,0.04506859555840492,0.04209128022193909
464,20,0.003990982659161091,0.00010286278848070651,0.01014212938591825,0.045356981456279755,0.04273022711277008
465,20,0.0036959878634661436,9.899553697323427e-05,0.009949650093004993,0.044496189802885056,0.04216042906045914
466,20,0.003985109273344278,0.00010192553600063547,0.010095817747990277,0.045149870216846466,0.042623259127140045
467,20,0.004054035060107708,9.852199582383037e-05,0.00992582469237848,0.04438963904976845,0.041843999177217484
468,20,0.004106299020349979,9.948179649654776e-05,0.009974056170713485,0.04460533708333969,0.04199479520320892
469,20,0.0038187988102436066,0.00010624632705003023,0.010307585898261059,0.04609692841768265,0.04339514300227165
470,20,0.0037348084151744843,9.938288712874055e-05,0.009969096605447283,0.04458315670490265,0.04225117340683937
471,20,0.00420342106372118,0.00010705764725571498,0.010346866542858034,0.04627259448170662,0.042962513864040375
472,20,0.003668349701911211,9.984216012526304e-05,0.00999210488962476,0.04468604922294617,0.04220157116651535
473,20,0.0037458024453371763,9.841555583989248e-05,0.009920461473131807,0.04436565190553665,0.04165858030319214
474,20,0.004320942796766758,9.811107156565413e-05,0.009905103309186336,0.04429696500301361,0.04067491739988327
475,20,0.003956804983317852,0.0001050932114594616,0.010251498010508592,0.04584609344601631,0.04343516379594803
476,20,0.003650269005447626,9.872696682577953e-05,0.009936144464820322,0.04443579167127609,0.042022403329610825
477,20,0.004116619471460581,0.0001002787976176478,0.010013930178388893,0.04478365555405617,0.0418851301074028
478,20,0.003899273229762912,0.00010056055907625705,0.010027988785207982,0.04484652727842331,0.042431414127349854
479,20,0.003627739381045103,9.352835331810638e-05,0.009671005806952366,0.04325005039572716,0.04079117625951767
480,20,0.003597608534619212,9.65291983447969e-05,0.009824927396413517,0.04393840953707695,0.041420161724090576
481,20,0.0040847621858119965,9.332493937108666e-05,0.009660483392205934,0.043202996253967285,0.0410035066306591
482,20,0.004006234463304281,0.0001008139006444253,0.010040612563206755,0.0449029840528965,0.042302656918764114
483,20,0.003538773162290454,9.459340071771294e-05,0.00972591387570921,0.04349561035633087,0.041221313178539276
484,20,0.004143918864428997,0.00010545414261287078,0.010269086746778936,0.045924752950668335,0.04332450032234192
485,20,0.0035434700548648834,9.453824168303981e-05,0.009723077788593477,0.04348292201757431,0.041263751685619354
486,20,0.0037664982955902815,9.920141019392759e-05,0.009959990471578152,0.04454243183135986,0.0418824627995491
487,20,0.004174022935330868,9.950717503670603e-05,0.009975328317238788,0.044611021876335144,0.041317328810691833
488,20,0.004098414443433285,9.555827273288742e-05,0.009775391180555764,0.043716877698898315,0.040769774466753006
489,20,0.004326878115534782,0.00010175260104006156,0.010087249428861248,0.04511155188083649,0.042085498571395874
490,20,0.003704039379954338,9.754936763783917e-05,0.009876708340223436,0.04416998475790024,0.04151279851794243
491,20,0.0036684521473944187,9.425575990462676e-05,0.00970854056512238,0.04341791197657585,0.04078279063105583
492,20,0.004275171551853418,0.00010261954594170675,0.010130130598452655,0.04530332237482071,0.04212319850921631
493,20,0.003896294627338648,9.793889330467209e-05,0.009896408101158324,0.044258084148168564,0.041545674204826355
494,20,0.003656744956970215,0.00010009411198552698,0.010004704492663788,0.0447423979640007,0.04274109750986099
495,20,0.003873136593028903,0.00010045146336778998,0.010022547748341736,0.044822193682193756,0.04161469638347626
496,20,0.0035838745534420013,9.860163845587522e-05,0.009929835771848155,0.04440757632255554,0.04180002957582474
497,20,0.003684199182316661,9.65790095506236e-05,0.009827462009625048,0.04394974559545517,0.041549377143383026
498,20,0.0036011948250234127,9.770983888301998e-05,0.009884828722998694,0.044206298887729645,0.04166700318455696
499,20,0.0036173698026686907,9.470609074924141e-05,0.0097317054388859,0.04352151229977608,0.04106142744421959
500,20,0.003923026379197836,0.00010240983829135075,0.010119774616628116,0.04525700584053993,0.04250791668891907
501,20,0.003524820553138852,9.023006714414805e-05,0.009498950844390557,0.042480599135160446,0.03996466472744942
502,20,0.0035321854520589113,9.31328468141146e-05,0.009650536089467497,0.04315850883722305,0.04066530615091324
503,20,0.0036272257566452026,9.340736141894013e-05,0.009664748388806618,0.04322206601500511,0.040869735181331635
504,20,0.0035500689409673214,8.58638813951984e-05,0.009266276565870372,0.041440051048994064,0.03916320949792862
505,20,0.003544087056070566,9.092847176361829e-05,0.009535642178879108,0.0426446869969368,0.040237050503492355
506,20,0.0035750586539506912,9.340829274151474e-05,0.00966479657010507,0.04322228208184242,0.04053342342376709
507,20,0.0033142496831715107,8.553615043638274e-05,0.009248575589591228,0.04136088863015175,0.03908310458064079
508,20,0.003368740202859044,9.097880683839321e-05,0.00953828112598875,0.042656492441892624,0.040370237082242966
509,20,0.0031896927393972874,8.695232099853456e-05,0.009324822840061604,0.041701871901750565,0.03963129594922066
510,20,0.003235679818317294,8.55052494443953e-05,0.009246904857539916,0.041353415697813034,0.03870688006281853
511,20,0.003224895568564534,7.6053969678469e-05,0.008720892711097243,0.039001017808914185,0.03696505352854729
512,20,0.003029536921530962,7.791902316967025e-05,0.008827175265602822,0.03947632759809494,0.03709430992603302
513,20,0.003538861172273755,7.818376616341993e-05,0.008842158456136145,0.039543334394693375,0.03610561415553093
514,20,0.0030722031369805336,6.73260074108839e-05,0.008205242678366307,0.0366949588060379,0.034358538687229156
515,20,0.0029940602835267782,5.7855060731526464e-05,0.007606251424422313,0.0340161956846714,0.031245101243257523
516,20,0.0037819980643689632,6.681771628791466e-05,0.008174210438196135,0.0365561805665493,0.033012211322784424
517,20,0.003099661087617278,5.3731440857518464e-05,0.007330173317017713,0.03278153017163277,0.02951766923069954
518,20,0.002896154299378395,5.5232208978850394e-05,0.007431837523711776,0.03323618695139885,0.030198220163583755
519,20,0.002504081465303898,3.964353891205974e-05,0.0062963115323226935,0.02815796062350273,0.02527248114347458
520,20,0.002493507694453001,3.827910768450238e-05,0.0061870112077239995,0.027669155970215797,0.02403373271226883
521,20,0.0027859476394951344,3.568902684492059e-05,0.005974029364249944,0.026716671884059906,0.02277379110455513
522,20,0.002781642833724618,4.219812399242073e-05,0.006496008312219184,0.029051031917333603,0.024899059906601906
523,20,0.002501795534044504,3.20084291161038e-05,0.005657599236080954,0.025301553308963776,0.02055036649107933
524,20,0.0022035171277821064,2.7331834644428454e-05,0.005227985715782748,0.023380262777209282,0.019196152687072754
525,20,0.0022446841467171907,2.506586315575987e-05,0.005006581983325538,0.02239011600613594,0.017675690352916718
526,20,0.002265383955091238,2.7758884243667126e-05,0.005268670064035812,0.02356220968067646,0.0194537453353405
527,20,0.0022933564614504576,2.3480417439714074e-05,0.004845659649595097,0.021670449525117874,0.017464742064476013
528,20,0.002314675599336624,2.4777804355835542e-05,0.004977730844052895,0.022261088714003563,0.017812035977840424
529,20,0.002164166886359453,2.487527126504574e-05,0.0049875115303170715,0.022304829210042953,0.016723686829209328
530,20,0.0024043885059654713,2.206290628237184e-05,0.0046971168052723404,0.0210061464458704,0.01585397496819496
531,20,0.0023203124292194843,2.229775782325305e-05,0.004722050171615403,0.021117649972438812,0.015956811606884003
532,20,0.0023000489454716444,2.326931462448556e-05,0.0048238277979718094,0.021572813391685486,0.016442015767097473
533,20,0.002198602072894573,2.3911505195428617e-05,0.004889939181158455,0.021868471056222916,0.016759835183620453
534,20,0.0029756021685898304,1.948179487953894e-05,0.004413818627848106,0.019739195704460144,0.012652197852730751
535,20,0.0020190426148474216,2.211760511272587e-05,0.004702935797214956,0.021032167598605156,0.016450975090265274
536,20,0.002320273546501994,2.4545635824324563e-05,0.004954355238002677,0.022156549617648125,0.017216820269823074
537,20,0.00230195140466094,2.379686338827014e-05,0.004878202885107398,0.021815987303853035,0.0159626267850399
538,20,0.002105237450450659,2.158444476663135e-05,0.004645906237391296,0.020777124911546707,0.0159502811729908
539,20,0.0021451073698699474,2.262346970383078e-05,0.004756413533727989,0.02127132937312126,0.016187429428100586
540,20,0.0019747894257307053,2.168565697502345e-05,0.004656786120815884,0.020825780928134918,0.015937797725200653
541,20,0.002083191415295005,2.361371662118472e-05,0.004859394676416469,0.021731873974204063,0.01690252311527729
542,20,0.0021668528206646442,1.8811851987265982e-05,0.004337263190914978,0.0193968303501606,0.013511687517166138
543,20,0.0024783865083009005,2.0740957552334294e-05,0.004554224143839903,0.020367108285427094,0.015562117099761963
544,20,0.002221369417384267,2.287116330990102e-05,0.004782380506599304,0.021387455984950066,0.01641303300857544
545,20,0.0031080294866114855,2.858716106857173e-05,0.005346696276072892,0.02391115203499794,0.01681923121213913
546,20,0.0023794020526111126,2.194626722484827e-05,0.0046846843249944035,0.020950546488165855,0.016263429075479507
547,20,0.002091478556394577,2.16693697439041e-05,0.00465503702927314,0.020817959681153297,0.01591612584888935
548,20,0.0020144989248365164,1.9060582417296246e-05,0.00436584269268789,0.01952464133501053,0.016114503145217896
549,20,0.002363238949328661,2.2046762751415372e-05,0.004695398039720953,0.020998459309339523,0.014622151851654053
550,20,0.0019199509406462312,1.8051654478767887e-05,0.004248723864734903,0.01900087110698223,0.015374538488686085
551,20,0.002207007724791765,2.2786087356507778e-05,0.0047734774909396795,0.021347640082240105,0.016797445714473724
552,20,0.00196797214448452,2.1204594304435886e-05,0.004604844655841919,0.020593490451574326,0.016287866979837418
553,20,0.0019952058792114258,2.12650829780614e-05,0.004611407917118307,0.020622843876481056,0.015606208704411983
554,20,0.002452746033668518,2.288815812789835e-05,0.004784156992396712,0.021395400166511536,0.016254868358373642
555,20,0.00228131958283484,2.1184572688071057e-05,0.0046026701693768,0.02058376558125019,0.015520543791353703
556,20,0.002319216262549162,2.1347552319639362e-05,0.004620341147538714,0.020662793889641762,0.015343423932790756
557,20,0.0021667887922376394,2.1718087737099268e-05,0.004660266916937191,0.02084134705364704,0.015630483627319336
558,20,0.0023857608903199434,2.3170101485447958e-05,0.004813533160314569,0.021526774391531944,0.015346935950219631
559,20,0.0023971206974238157,2.547149415477179e-05,0.005046929180677275,0.022570552304387093,0.01742241345345974
560,20,0.0021407660096883774,2.2574367903871462e-05,0.004751249088805118,0.021248232573270798,0.015955312177538872
561,20,0.0022200364619493484,2.1695321265724488e-05,0.004657823661939607,0.020830420777201653,0.015744339674711227
562,20,0.0020423326641321182,2.24250561586814e-05,0.004735510126552513,0.02117784507572651,0.015045900829136372
563,20,0.002118198201060295,2.0067156583536416e-05,0.004479637996929709,0.020033549517393112,0.013950612396001816
564,20,0.0022701851557940245,2.5234057829948142e-05,0.005023351254884347,0.022465109825134277,0.01572020910680294
565,20,0.002264957409352064,2.5657844162196852e-05,0.005065357259088134,0.022652966901659966,0.01583130843937397
566,20,0.0024919051211327314,2.7367776056053117e-05,0.005231421991777486,0.023395629599690437,0.016207411885261536
567,20,0.0025534804444760084,2.8817081329179928e-05,0.005368154368978218,0.02400711365044117,0.017422297969460487
568,20,0.002491549588739872,2.7800322641269304e-05,0.005272601126699165,0.023579789325594902,0.01703491061925888
569,20,0.0026467337738722563,3.0731636798009276e-05,0.005543612251773141,0.024791788309812546,0.018683819100260735
570,20,0.002682856749743223,3.3653966966085136e-05,0.005801203923849353,0.02594377100467682,0.019944284111261368
571,20,0.0030008885078132153,4.318673018133268e-05,0.006571661143221909,0.029389362782239914,0.023518426343798637
572,20,0.003153875470161438,4.5457720261765644e-05,0.006742234070526301,0.03015218675136566,0.024496309459209442
573,20,0.0031964462250471115,5.2155741286696866e-05,0.007221893192695172,0.0322972871363163,0.027432775124907494
574,20,0.003423721995204687,5.9234891523374245e-05,0.007696420695581437,0.03441943973302841,0.03030484914779663
575,20,0.00310922646895051,6.88086511217989e-05,0.008295098017612504,0.03709680587053299,0.03319038823246956
576,20,0.004112500697374344,7.912951696198434e-05,0.00889547733187963,0.039781782776117325,0.03496118634939194
577,20,0.004644250031560659,8.74855468282476e-05,0.009353370880503328,0.04182954505085945,0.036683253943920135
578,20,0.004377322271466255,9.256388148060068e-05,0.009621012497684467,0.043026477098464966,0.038901619613170624
579,20,0.0038894873578101397,9.392954234499484e-05,0.009691725457574355,0.0433427132666111,0.03959790617227554
580,20,0.004356435500085354,0.00010085102258017287,0.010042460982257927,0.04491124674677849,0.04068451747298241
581,20,0.004595043603330851,0.0001099443543353118,0.010485435343146788,0.04689229279756546,0.04160844534635544
582,20,0.0038312070537358522,9.371263877255842e-05,0.009680528847772648,0.04329264163970947,0.039704274386167526
583,20,0.004568177741020918,0.00010384118650108576,0.010190249579921276,0.045572180300951004,0.041177839040756226
584,20,0.004315987229347229,9.97514944174327e-05,0.009987566991887098,0.044665757566690445,0.04017064720392227
585,20,0.004232853185385466,0.00010428536916151643,0.010212020816739283,0.045669544488191605,0.041458986699581146
586,20,0.0040907529182732105,9.995473374146968e-05,0.009997736430886228,0.04471123218536377,0.04077727720141411
587,20,0.004395914729684591,9.811273775994778e-05,0.009905187416699785,0.044297344982624054,0.04000532254576683
588,20,0.0035938224755227566,9.371506166644394e-05,0.009680653989604418,0.04329320043325424,0.039921458810567856
589,20,0.003884869860485196,9.817308455239981e-05,0.009908233170066186,0.04431096464395523,0.04051664099097252
590,20,0.003434782149270177,8.848051948007196e-05,0.009406408426177973,0.04206673800945282,0.03874601051211357
591,20,0.0037131006829440594,9.72721609286964e-05,0.009862665001342,0.04410718008875847,0.04082740098237991
592,20,0.0035993210040032864,9.98024333966896e-05,0.00999011678593847,0.04467716068029404,0.04109930247068405
593,20,0.0037819400895386934,9.217111801262945e-05,0.009600579045694559,0.042935095727443695,0.039223991334438324
594,20,0.004427968058735132,9.92780551314354e-05,0.00996383736978055,0.04455963522195816,0.039997268468141556
595,20,0.0040003336034715176,9.546820365358144e-05,0.009770783164802167,0.043696269392967224,0.039976418018341064
596,20,0.003681441303342581,9.47149092098698e-05,0.009732158507231055,0.04352353513240814,0.039942603558301926
597,20,0.003993007354438305,0.00010187884618062526,0.010093505148392468,0.04513952508568764,0.04147947579622269
598,20,0.003912892192602158,9.859151032287627e-05,0.009929325773831588,0.044405292719602585,0.04067643731832504
599,20,0.003980972338467836,9.777020022738725e-05,0.009887881483279785,0.04421994835138321,0.04110713303089142
600,20,0.0042836712673306465,0.0001053870510077104,0.010265819548760362,0.04591014236211777,0.04194614663720131
601,20,0.004261643625795841,0.00010437747550895438,0.01021652952371569,0.04568971320986748,0.04182003065943718
602,20,0.0039881011471152306,0.00010793155524879694,0.010389011273879577,0.046461071819067,0.04360329359769821
603,20,0.0038099735975265503,9.701414091978222e-05,0.009849575672067413,0.04404864087700844,0.041084203869104385
604,20,0.003940477501600981,9.853496158029884e-05,0.009926477803344892,0.04439255967736244,0.04097156226634979
605,20,0.00366821582429111,9.708666038932279e-05,0.00985325633429491,0.04406509920954704,0.04092898592352867
606,20,0.0050163730047643185,0.00011456168431323022,0.010703349210094484,0.047866832464933395,0.04367730766534805
607,20,0.003596968250349164,9.82902929536067e-05,0.009914146103099685,0.04433741047978401,0.04128459095954895
608,20,0.004725351929664612,9.37718286877498e-05,0.009683585528498719,0.04330631345510483,0.038987450301647186
609,20,0.0034253683406859636,9.63815618888475e-05,0.009817411160221797,0.04390479624271393,0.04114610701799393
610,20,0.0037792958319187164,9.554505959386006e-05,0.009774715320348725,0.04371385648846626,0.04051369056105614
611,20,0.004156936891376972,9.29941306822002e-05,0.009643346446239511,0.04312635585665703,0.03984495997428894
612,20,0.0042611174285411835,0.00011112324136774987,0.010541500906785042,0.04714302718639374,0.043583549559116364
613,20,0.0041081951931118965,0.00010565881530055776,0.01027904739266036,0.045969296246767044,0.042068734765052795
614,20,0.004162658005952835,9.903848695103079e-05,0.00995180822519359,0.04450583830475807,0.040525227785110474
615,20,0.003928150050342083,0.00011222268221899867,0.010593520765968163,0.04737566411495209,0.044003166258335114
616,20,0.0040254355408251286,0.00010292262595612556,0.010145078903395752,0.04537016898393631,0.04092567041516304
617,20,0.003966182470321655,0.00010377813305240124,0.010187155297353685,0.04555834084749222,0.04166688024997711
618,20,0.004173246677964926,0.0001145544447354041,0.010703011012579783,0.04786531999707222,0.044287264347076416
619,20,0.004071671981364489,9.890059300232679e-05,0.00994487772686657,0.04447484388947487,0.040829792618751526
620,20,0.004677149001508951,0.00010149269655812532,0.010074358369550158,0.04505389928817749,0.04039785638451576
621,20,0.004139102529734373,9.046946070156991e-05,0.00951154354989609,0.042536914348602295,0.03842569515109062
622,20,0.005505111999809742,0.00010911455319728702,0.01044579117143776,0.04671499878168106,0.039978787302970886
623,20,0.0051821013912558556,0.00011316917516523972,0.010638100167099374,0.047575030475854874,0.042793478816747665
624,20,0.004865184426307678,0.00011142260336782783,0.010555690568021962,0.04720648378133774,0.041933462023735046
625,20,0.004376076627522707,9.920228330884129e-05,0.009960034302593606,0.04454262554645538,0.04041542485356331
626,20,0.004612751305103302,0.00010922494402620941,0.010451073821680212,0.04673862084746361,0.04117712005972862
627,20,0.004300388507544994,0.00010141417442355305,0.010070460487165075,0.04503646865487099,0.041266631335020065
628,20,0.004628733731806278,0.00010416796430945396,0.010206270832652539,0.04564383253455162,0.04157286137342453
629,20,0.004737196955829859,9.628232510294765e-05,0.009812355736669337,0.04388218745589256,0.03873887658119202
630,20,0.004697171039879322,9.123774361796677e-05,0.00955184503737193,0.04271714761853218,0.038630809634923935
631,20,0.004588126204907894,8.467739098705351e-05,0.009202031894481431,0.04115273803472519,0.036430612206459045
632,20,0.004866280592978001,0.00010970074072247371,0.010473812138971833,0.04684031382203102,0.04224293678998947
633,20,0.004866017494350672,0.00010332027159165591,0.010164657967273463,0.04545773193240166,0.04025775194168091
634,20,0.004223806783556938,9.698163194116205e-05,0.009847925260742085,0.044041261076927185,0.040107786655426025
635,20,0.004826839547604322,9.417849651072174e-05,0.009704560603691532,0.0434001162648201,0.039221398532390594
636,20,0.004903274122625589,0.00010231442138319835,0.010115059138887836,0.04523592069745064,0.0411575585603714
637,20,0.003682737471535802,9.420216520084068e-05,0.009705779989307438,0.04340557008981705,0.04068757966160774
638,20,0.004046856425702572,7.92347636888735e-05,0.008901391109757704,0.039808232337236404,0.03472469002008438
639,20,0.004463960416615009,9.557474550092593e-05,0.009776233707360209,0.04372064396739006,0.039747204631567
640,20,0.004890965763479471,8.859788795234635e-05,0.009412645109231855,0.042094629257917404,0.03744622319936752
641,20,0.004431102424860001,0.00011012912727892399,0.010494242577667241,0.0469316802918911,0.04364024102687836
642,20,0.005118603818118572,9.787199087440968e-05,0.009893027386720895,0.04424296319484711,0.03810271620750427
643,20,0.004455279558897018,0.00010122958337888122,0.01006129133754118,0.04499546438455582,0.040587037801742554
644,20,0.004856853745877743,0.00010346197814214975,0.010171626130671033,0.04548889398574829,0.0409647636115551
645,20,0.004454839508980513,0.00011010478192474693,0.010493082574951315,0.04692649096250534,0.04229336231946945
646,20,0.004288381896913052,9.590132685843855e-05,0.009792922283896598,0.043795280158519745,0.04010506719350815
647,20,0.004684923682361841,8.568493649363518e-05,0.00925661582294713,0.0413968451321125,0.03677528351545334
648,20,0.004448383115231991,0.00010158534860238433,0.01007895572975615,0.045074462890625,0.04121887683868408
649,20,0.004208838101476431,0.00010023004142567515,0.01001149546399913,0.04477277025580406,0.04089610278606415
650,20,0.004047904163599014,0.00010287691839039326,0.01014282595682255,0.04536009579896927,0.04180071875452995
651,20,0.004699026234447956,0.00011096240632468835,0.010533869484889602,0.04710889607667923,0.042075060307979584
652,20,0.004147936124354601,0.00010478372860234231,0.010236392362660895,0.045778539031744,0.04181929677724838
653,20,0.0044838362373411655,0.00010448211105540395,0.01022164913580015,0.045712605118751526,0.041979290544986725
654,20,0.003945869393646717,9.750075696501881e-05,0.009874247159405056,0.04415897652506828,0.040756046772003174
655,20,0.0038876361213624477,9.403583680978045e-05,0.009697207681068836,0.043367233127355576,0.04003729298710823
656,20,0.003982321359217167,0.00010273923544446006,0.010136036476081765,0.045329734683036804,0.04231540486216545
657,20,0.0038102336693555117,9.635875176172704e-05,0.009816249373448447,0.04389960318803787,0.04029042273759842
658,20,0.0035918899811804295,9.920999582391232e-05,0.00996042146818659,0.04454435780644417,0.041407261043787
659,20,0.004455386195331812,9.772709745448083e-05,0.009885701667280923,0.04421020299196243,0.04133101552724838
660,20,0.003557788208127022,0.00010120340448338538,0.01005999028246973,0.04498964175581932,0.04191353917121887
661,20,0.004313529469072819,0.00010124943219125271,0.010062277684066005,0.044999875128269196,0.04107557237148285
662,20,0.003616752801463008,9.495530684944242e-05,0.009744501364843786,0.04357873275876045,0.040606118738651276
663,20,0.0036748938728123903,9.785495058167726e-05,0.009892166121819692,0.0442391112446785,0.04115593433380127
664,20,0.0036360237281769514,9.636693721404299e-05,0.009816666298394939,0.0439014695584774,0.040927618741989136
665,20,0.003889384213835001,9.760368266142905e-05,0.009879457609678228,0.04418227821588516,0.04048314318060875
666,20,0.00357348145917058,9.291166497860104e-05,0.009639069715413466,0.043107230216264725,0.04023214057087898
667,20,0.0039789387956261635,9.530691750114784e-05,0.009762526184402674,0.04365934431552887,0.039892662316560745
668,20,0.003610254731029272,9.425092139281332e-05,0.009708291373502,0.04341679811477661,0.040092695504426956
669,20,0.0036308474373072386,9.44824714679271e-05,0.009720209435394235,0.043470099568367004,0.040118101984262466
670,20,0.003571983426809311,9.369939652970061e-05,0.009679844860828122,0.043289583176374435,0.03995061665773392
671,20,0.003946512006223202,9.76507508312352e-05,0.00988183944573252,0.044192928820848465,0.04044422134757042
672,20,0.004100142978131771,0.00010292740626027808,0.010145314497849639,0.04537122696638107,0.041935499757528305
673,20,0.004269394092261791,9.973946725949645e-05,0.00998696486724052,0.044663067907094955,0.04130346328020096
674,20,0.003931564278900623,9.323102131020278e-05,0.009655621228600612,0.04318125173449516,0.04037480801343918
675,20,0.004662444349378347,0.00010811871470650658,0.010398014940675292,0.046501338481903076,0.04148832708597183
676,20,0.0038690336514264345,9.97173337964341e-05,0.009985856688158212,0.0446581095457077,0.0416221059858799
677,20,0.0039528245106339455,9.922964818542823e-05,0.009961407941924084,0.044548772275447845,0.0412432961165905
678,20,0.0037169638089835644,9.732646867632866e-05,0.009865417815598519,0.04411948844790459,0.04104061424732208
679,20,0.003893364919349551,9.089767991099507e-05,0.009534027475888407,0.04263746738433838,0.03961573913693428
680,20,0.003849563654512167,9.38350276555866e-05,0.0096868481796499,0.043320901691913605,0.04033784568309784
681,20,0.00422824639827013,0.00010010450205300003,0.010005223738277922,0.044744718819856644,0.04121515899896622
682,20,0.0039715031161904335,9.315860370406881e-05,0.00965187047696294,0.04316447675228119,0.040060050785541534
683,20,0.0045775156468153,0.00010101363295689225,0.01005055386319044,0.04494744539260864,0.04069624841213226
684,20,0.004413018934428692,8.969021291704848e-05,0.009470491693520907,0.04235332831740379,0.038327351212501526
685,20,0.003989317454397678,9.635929018259048e-05,0.009816276798389015,0.04389972239732742,0.04021759703755379
686,20,0.0039568813517689705,9.071289241546765e-05,0.00952433159940726,0.04259410500526428,0.03939950838685036
687,20,0.004150944296270609,9.468281496083364e-05,0.00973050949132848,0.043516162782907486,0.04019147530198097
688,20,0.004849646240472794,9.945516649167985e-05,0.009972721117713051,0.04459936544299126,0.03851088508963585
689,20,0.0042030056938529015,9.393205255037174e-05,0.009691854959210426,0.04334329441189766,0.03964870795607567
690,20,0.003982973285019398,9.523679182166234e-05,0.009758933949036767,0.0436432808637619,0.039920710027217865
691,20,0.004439712967723608,0.0001000415431917645,0.010002076943903426,0.04473064839839935,0.04078156501054764
692,20,0.004255414940416813,9.849537309492007e-05,0.009924483517791748,0.044383637607097626,0.040330931544303894
693,20,0.00434850761666894,0.00010277167893946171,0.010137636753181764,0.04533689096570015,0.041213709861040115
694,20,0.005173815879970789,0.00010444483632454649,0.010219825650398664,0.04570445045828819,0.03782939165830612
695,20,0.0042962245643138885,9.489156218478456e-05,0.00974123001395535,0.04356410354375839,0.039196986705064774
696,20,0.004140709526836872,9.745998977450654e-05,0.009872182624653301,0.044149741530418396,0.04025261476635933
697,20,0.004209975246340036,0.00010153158655157313,0.010076288332097942,0.045062534511089325,0.04083668068051338
698,20,0.004062099847942591,0.00010134972399100661,0.010067260004142469,0.045022156089544296,0.04089035838842392
699,20,0.004260709043592215,0.00010381883475929499,0.010189152798898198,0.04556727781891823,0.041327450424432755
700,20,0.005713174119591713,0.00011250308307353407,0.010606747054282668,0.04743481054902077,0.03937632590532303
701,20,0.003972689155489206,9.893388778436929e-05,0.009946551552390874,0.04448233172297478,0.04020746052265167
702,20,0.004715240094810724,0.00010037551692221314,0.010018758252508798,0.04480524733662605,0.04007088392972946
703,20,0.004700885619968176,0.00011190712393727154,0.010578616352683914,0.04730901122093201,0.04196782782673836
704,20,0.004343985114246607,0.00010818743612617254,0.010401318960890131,0.046516112983226776,0.04213599115610123
705,20,0.0051681105978786945,0.00011499548418214545,0.010723594741603464,0.04795737564563751,0.04105890542268753
706,20,0.004743753932416439,0.00011120155977550894,0.010545215017983698,0.04715963080525398,0.04195017367601395
707,20,0.00438578799366951,0.00010065437527373433,0.010032665412228912,0.04486744478344917,0.04042816534638405
708,20,0.004360300488770008,0.00011039343371521682,0.010506827956867706,0.04698796197772026,0.042667802423238754
709,20,0.004079421050846577,9.712661994853988e-05,0.00985528385935889,0.0440741702914238,0.03932926431298256
710,20,0.004833046346902847,9.634184243623167e-05,0.009815388043079687,0.043895747512578964,0.038827456533908844
711,20,0.003948052413761616,0.00010519222996663302,0.010256326338735182,0.045867688953876495,0.0420156754553318
712,20,0.004152718465775251,0.00010219982505077496,0.010109392912078102,0.0452105775475502,0.04028184711933136
713,20,0.003988341428339481,0.00010622446279739961,0.010306525253323722,0.04609218239784241,0.041965730488300323
714,20,0.004663305357098579,0.00011045217979699373,0.010509623199572557,0.0470004640519619,0.04154988378286362
715,20,0.004367575515061617,0.00011182632442796603,0.010574796661305882,0.04729192703962326,0.04164065793156624
716,20,0.004415468312799931,0.00011908493615919724,0.010912604462693461,0.04880265146493912,0.04291732609272003
717,20,0.004238425754010677,0.00011541861022124067,0.010743305367587792,0.04804552346467972,0.04102678969502449
718,20,0.004296449013054371,0.00012084401532774791,0.010992907501100331,0.04916177690029144,0.041740886867046356
719,20,0.0045572565868496895,0.0001243715378222987,0.011152198788682826,0.04987414926290512,0.04183123633265495
720,20,0.0044741202145814896,0.00012493481335695833,0.011177424272029685,0.04998696222901344,0.04095897823572159
721,20,0.004975255578756332,0.00013638532254844904,0.01167841267246748,0.0522274486720562,0.04205252230167389
722,20,0.004912932403385639,0.00014254901907406747,0.011939389392848675,0.05339457094669342,0.04441000521183014
723,20,0.004841256886720657,0.0001359059097012505,0.011657869003434997,0.05213557928800583,0.04197195917367935
724,20,0.00572116207331419,0.00015605028602294624,0.012492008886602115,0.05586595833301544,0.042198918759822845
725,20,0.0054857912473380566,0.00014270798419602215,0.011946044709276044,0.05342433601617813,0.04182911664247513
726,20,0.00555377034470439,0.00014385727990884334,0.011994051855350773,0.05363903194665909,0.042585767805576324
727,20,0.005561317782849073,0.00014938772073946893,0.012222426957829158,0.054660357534885406,0.04176647216081619
728,20,0.0055659376084804535,0.00015141212497837842,0.012304963428567288,0.05502946674823761,0.04045313596725464
729,20,0.005577922333031893,0.0001626583543838933,0.012753758441490622,0.057036541402339935,0.041451483964920044
730,20,0.004924105014652014,0.00015278914361260831,0.012360790573932086,0.05527913570404053,0.040513064712285995
731,20,0.005448198411613703,0.00015781554975546896,0.012562465910619179,0.056181054562330246,0.040331803262233734
732,20,0.005307079292833805,0.00016170510207302868,0.012716332099824567,0.05686916410923004,0.040596313774585724
733,20,0.005494593642652035,0.00016710943600628525,0.012927081496079663,0.057811666280031204,0.040262192487716675
734,20,0.005160531494766474,0.00016357256390620023,0.012789549011055872,0.05719660222530365,0.04092012718319893
735,20,0.005376911722123623,0.000177191715920344,0.013311337871166218,0.0595301128923893,0.04224906861782074
736,20,0.005365106742829084,0.000167062011314556,0.012925247050426386,0.05780345946550369,0.04070654138922691
737,20,0.005985349416732788,0.00016800349112600088,0.012961616069225353,0.05796611309051514,0.04370512440800667
738,20,0.005221961531788111,0.00017915907665155828,0.013385031813617713,0.059859681874513626,0.04239441826939583
739,20,0.005312428809702396,0.00017063328414224088,0.013062667573747749,0.05841802805662155,0.041094694286584854
740,20,0.004839729052037001,0.00016907737881410867,0.0130029757676506,0.05815107375383377,0.04144037887454033
741,20,0.0055056675337255,0.00016882923955563456,0.012993430630731615,0.058108389377593994,0.041318830102682114
742,20,0.005257015116512775,0.00017156345711555332,0.01309822343356355,0.0585770383477211,0.041362300515174866
743,20,0.005347241181880236,0.00016822596080601215,0.012970195095140712,0.058004479855298996,0.04124434292316437
744,20,0.006332034710794687,0.00018789789464790374,0.013707585296028755,0.06130218505859375,0.04221808910369873
745,20,0.005904161371290684,0.00017688445223029703,0.013299791435593906,0.05947847664356232,0.04159056395292282
746,20,0.005481113214045763,0.0001756492129061371,0.013253271781191884,0.05927043408155441,0.04223337769508362
747,20,0.005762738641351461,0.00016984622925519943,0.01303250663745081,0.05828314274549484,0.04113643988966942
748,20,0.005747183226048946,0.00017700207536108792,0.01330421269226736,0.059498246759176254,0.041682641953229904
749,20,0.005331977270543575,0.0001782304170774296,0.013350296516460958,0.05970434099435806,0.04230015352368355
750,20,0.005368111655116081,0.00017809009295888245,0.013345040013386338,0.05968083068728447,0.04200643301010132
751,20,0.00547767011448741,0.00016961724031716585,0.013023718375224714,0.05824384093284607,0.041440509259700775
752,20,0.005156629253178835,0.0001751861273078248,0.013235789636732097,0.05919225513935089,0.04158743470907211
753,20,0.005407880060374737,0.00016697093087714165,0.012921723216241,0.057787708938121796,0.04072181135416031
754,20,0.005083810538053513,0.00017252327234018594,0.013134811469533391,0.058740660548210144,0.041674889624118805
755,20,0.005507519468665123,0.00017666960775386542,0.013291711994843457,0.059442345052957535,0.04183230176568031
756,20,0.005486661568284035,0.00017577080870978534,0.01325785837568743,0.059290945529937744,0.04170010983943939
757,20,0.005374789237976074,0.00017877205391414464,0.013370566701308685,0.059794992208480835,0.04269587993621826
758,20,0.004808664321899414,0.0001728154456941411,0.013145928863878014,0.058790381997823715,0.042054682970047
759,20,0.004877761006355286,0.00017160226707346737,0.013099704846807328,0.058583665639162064,0.04128950834274292
760,20,0.00473784888163209,0.0001731125812511891,0.013157225438943772,0.05884089693427086,0.042208198457956314
761,20,0.0049941460601985455,0.0001710936048766598,0.013080275412874907,0.05849677324295044,0.04149205982685089
762,20,0.0047398642636835575,0.00017026724526658654,0.013048649174017461,0.05835533142089844,0.04175902530550957
763,20,0.005246489308774471,0.00017688849766273052,0.013299943521035362,0.05947915464639664,0.04455789923667908
764,20,0.004937086254358292,0.000170155442901887,0.013044364411572033,0.05833616852760315,0.04108494520187378
765,20,0.005408246070146561,0.00018489480135031044,0.013597602779545755,0.06081032752990723,0.04384840652346611
766,20,0.005651380866765976,0.00017185106116812676,0.013109197579109362,0.05862611532211304,0.04093636944890022
767,20,0.004923737607896328,0.00017141045827884227,0.013092381688556223,0.058550912886857986,0.04158181697130203
768,20,0.004910684190690517,0.00017418553761672229,0.01319793686970514,0.059022966772317886,0.04259461909532547
769,20,0.005300409626215696,0.00017671055684331805,0.013293252304959762,0.05944922938942909,0.04269208759069443
770,20,0.0049645607359707355,0.00018104167247656733,0.013455172703334854,0.060173362493515015,0.042695675045251846
771,20,0.005389511119574308,0.00017894362099468708,0.013376981011973033,0.05982367694377899,0.04280266910791397
772,20,0.005238994024693966,0.0001787594228517264,0.013370094347151272,0.05979287996888161,0.04269137606024742
773,20,0.0047406526282429695,0.00016491005953866988,0.012841731173742498,0.0574299693107605,0.041079357266426086
774,20,0.0069402954541146755,0.00018257337796967477,0.013511971653673448,0.06042737513780594,0.042785245925188065
775,20,0.0050849467515945435,0.00016946883988566697,0.013018019814306128,0.05821835249662399,0.040972061455249786
776,20,0.005304704420268536,0.00017861979722511023,0.013364871762389275,0.05976952239871025,0.042469874024391174
777,20,0.005481278989464045,0.00018884688324760646,0.013742157154086342,0.061456795781850815,0.04404103383421898
778,20,0.006434687878936529,0.00019464628712739795,0.01395156934281581,0.062393318861722946,0.044210124760866165
779,20,0.004922571592032909,0.00016336562111973763,0.012781456142386032,0.057160407304763794,0.042650677263736725
780,20,0.005023566074669361,0.0001826233055908233,0.013513819060162944,0.06043563410639763,0.04362054169178009
781,20,0.004939903970807791,0.00015763523697387427,0.012555287211922882,0.0561489500105381,0.04088341444730759
782,20,0.006791462656110525,0.0001949407160282135,0.013962117175708472,0.06244048476219177,0.04619607701897621
783,20,0.005200129002332687,0.000168743179528974,0.012990118534061727,0.05809357762336731,0.04136764630675316
784,20,0.00569768063724041,0.00017474303604103625,0.013219040662659156,0.05911734700202942,0.042902566492557526
785,20,0.005260981619358063,0.00013600618694908917,0.011662169049927599,0.05215480551123619,0.03615843132138252
786,20,0.005127583630383015,0.0001785725908121094,0.013363105582614746,0.05976162478327751,0.04333709925413132
787,20,0.0050812773406505585,0.00018126009672414511,0.013463286995535121,0.06020965054631233,0.04308154433965683
788,20,0.004946175031363964,0.00017136077804025263,0.013090484255376216,0.05854242667555809,0.04167810454964638
789,20,0.005924686323851347,0.00017475684580858797,0.013219562996127669,0.059119682759046555,0.041953250765800476
790,20,0.005046363919973373,0.0001717867999104783,0.013106746351039159,0.058615151792764664,0.04255816340446472
791,20,0.004814202431589365,0.00016745584434829652,0.012940473111455257,0.057871557772159576,0.041621990501880646
792,20,0.004802134353667498,0.00017354778537992388,0.013173753655656534,0.05891481786966324,0.041701484471559525
793,20,0.00610519340261817,0.00016774461255408823,0.012951625865276074,0.057921431958675385,0.04145123064517975
794,20,0.005266964435577393,0.00017916111391969025,0.01338510791587764,0.059860024601221085,0.042483747005462646
795,20,0.005072310566902161,0.00017099929391406476,0.01307666983272365,0.0584806427359581,0.04295799881219864
796,20,0.004986452404409647,0.00018595732399262488,0.013636617028890446,0.06098480522632599,0.04351178556680679
797,20,0.004765680991113186,0.0001749082439346239,0.013225288047321461,0.05914528667926788,0.04207882285118103
798,20,0.005879309959709644,0.00016169584705494344,0.012715968191802913,0.05686753988265991,0.04044312611222267
799,20,0.0049539292231202126,0.00018159282626584172,0.013475638250778393,0.06026488542556763,0.043097980320453644
800,20,0.005011760164052248,0.00016863035853020847,0.012985775237936642,0.05807415023446083,0.0431685596704483
801,20,0.004916258621960878,0.00017744619981385767,0.013320893356447896,0.05957284942269325,0.042872194200754166
802,20,0.004786056466400623,0.00016562370001338422,0.012869487169789797,0.05755409598350525,0.041281815618276596
803,20,0.004598225001245737,0.00017302611377090216,0.013153939097126083,0.058826204389333725,0.041883934289216995
804,20,0.004876178689301014,0.00017611522343941033,0.013270841097662587,0.05934900417923927,0.04224986582994461
805,20,0.004698810633271933,0.00015933046233840287,0.012622617095452229,0.05645005777478218,0.039826735854148865
806,20,0.005323356483131647,0.00017955887597054243,0.013399958058536691,0.059926435351371765,0.04254770651459694
807,20,0.004934381693601608,0.00017124414443969727,0.013086028596931051,0.05852250009775162,0.04128015786409378
808,20,0.004513648338615894,0.00016391788085456938,0.012803041859439864,0.05725694075226784,0.04056379944086075
809,20,0.0049576060846447945,0.00016980551299639046,0.013030944439924164,0.05827615410089493,0.042051609605550766
810,20,0.004843566566705704,0.0001786025968613103,0.013364228255358044,0.05976664647459984,0.0436696857213974
811,20,0.005077949725091457,0.00017976315575651824,0.013407578295744472,0.059960514307022095,0.042769864201545715
812,20,0.004733579698950052,0.00018081576854456216,0.01344677539578029,0.06013581156730652,0.04263494163751602
813,20,0.004587451461702585,0.00016887042147573084,0.0129950152549249,0.05811547487974167,0.04183764010667801
814,20,0.004583303816616535,0.00017532473430037498,0.013241024669578067,0.05921566113829613,0.04205992817878723
815,20,0.005816440097987652,0.0001824607461458072,0.013507803157649552,0.060408733785152435,0.04326677322387695
816,20,0.00537984911352396,0.0001645813463255763,0.012828926156369297,0.05737270042300224,0.04133417829871178
817,20,0.006167140789330006,0.00018148058734368533,0.01347147309479128,0.06024625897407532,0.04238516464829445
818,20,0.004979503341019154,0.00016896353918127716,0.012998597585173454,0.05813149735331535,0.04134516417980194
819,20,0.005275095347315073,0.00015941826859489083,0.012626094748372944,0.05646561086177826,0.039719752967357635
820,20,0.005042309407144785,0.0001835726434364915,0.01354889823699667,0.06059251353144646,0.044334664940834045
821,20,0.004431590437889099,0.0001685880997683853,0.012984148018579628,0.058066874742507935,0.04118574038147926
822,20,0.005346696823835373,0.00015971723769325763,0.012637928536483248,0.05651853233575821,0.0399145744740963
823,20,0.004649476148188114,0.00017117489187512547,0.01308338227963723,0.058510661125183105,0.04211593419313431
824,20,0.005391477141529322,0.0001651222410146147,0.012849989922743702,0.05746690183877945,0.044350456446409225
825,20,0.005482056178152561,0.00014928651216905564,0.012218285975088963,0.054641835391521454,0.037926480174064636
826,20,0.0050143888220191,0.00017802133515942842,0.013342463609072666,0.059669312089681625,0.04240794479846954
827,20,0.005061849020421505,0.0001786045904736966,0.013364302842785948,0.0597669780254364,0.043380025774240494
828,20,0.004728959407657385,0.0001607868616702035,0.012680175932147137,0.0567074716091156,0.040652528405189514
829,20,0.005240149796009064,0.00017429969739168882,0.013202261071183557,0.0590423047542572,0.04194677248597145
830,20,0.00508086895570159,0.00017382130317855626,0.013184130732761878,0.05896122381091118,0.042950548231601715
831,20,0.005753003992140293,0.00018813325732480735,0.01371616773464102,0.0613405667245388,0.043371573090553284
832,20,0.004642420914024115,0.00017074562492780387,0.013066966936814521,0.05843725427985191,0.04190398380160332
833,20,0.004865082912147045,0.0001776475546648726,0.013328449071999059,0.0596066378057003,0.04221728816628456
834,20,0.004759797360748053,0.00017686952196527272,0.01329923012678827,0.059475965797901154,0.041996631771326065
835,20,0.006231742911040783,0.00018506542255636305,0.013603875277154046,0.060838378965854645,0.045198000967502594
836,20,0.0053789373487234116,0.0001852276036515832,0.013609834813530368,0.06086503341794014,0.04316723719239235
837,20,0.005346901714801788,0.0001747875940054655,0.013220725925813057,0.059124886989593506,0.04151235520839691
838,20,0.005857886280864477,0.00017898829537443817,0.013378650730714146,0.05983114615082741,0.04289725795388222
839,20,0.005332288797944784,0.00015533118858002126,0.012463193354033357,0.05573709309101105,0.03955170139670372
840,20,0.0048212930560112,0.00016626575961709023,0.01289440807548335,0.057665545493364334,0.041054967790842056
841,20,0.004623743239790201,0.0001614501525182277,0.012706303652842069,0.05682431533932686,0.04187459126114845
842,20,0.005199821200221777,0.00016124077956192195,0.012698062039615413,0.056787461042404175,0.04130559787154198
843,20,0.004751600790768862,0.0001724745670799166,0.013132957286152902,0.05873236805200577,0.04155147448182106
844,20,0.004823162220418453,0.0001688515185378492,0.01299428791961488,0.05811222270131111,0.041123244911432266
845,20,0.005317747592926025,0.00016885536024346948,0.012994435741634551,0.05811288207769394,0.04291466996073723
846,20,0.004897616803646088,0.0001727429189486429,0.013143170049445565,0.05877804011106491,0.04183424264192581
847,20,0.005157089326530695,0.00016840135504025966,0.012976954767597044,0.058034706860780716,0.041703447699546814
848,20,0.004770389758050442,0.00017206424672622234,0.013117326203393065,0.05866246670484543,0.04141847416758537
849,20,0.004952248185873032,0.0001738273276714608,0.013184359205947812,0.058962248265743256,0.04171433672308922
850,20,0.005024177487939596,0.00018230511341243982,0.013502041083200711,0.060382962226867676,0.04421112686395645
851,20,0.004843131173402071,0.00016422213229816407,0.012814918349258573,0.05731005594134331,0.042666494846343994
852,20,0.004599052015691996,0.0001723248278722167,0.01312725515377136,0.058706868439912796,0.04151517152786255
853,20,0.005151813384145498,0.000169913109857589,0.013035072299668653,0.058294616639614105,0.04100905358791351
854,20,0.0053013404831290245,0.00015879390412010252,0.012601345329769458,0.05635492876172066,0.0397125743329525
855,20,0.004994601011276245,0.00017236436542589217,0.013128761001171899,0.058713603764772415,0.0421612448990345
856,20,0.005227279849350452,0.0001827799715101719,0.013519614325496563,0.06046155467629433,0.043665554374456406
857,20,0.005296879447996616,0.00018327849102206528,0.013538038669691606,0.06054394692182541,0.04295770078897476
858,20,0.006353570614010096,0.00015324048581533134,0.01237903412287612,0.05536072328686714,0.038367368280887604
859,20,0.006570500321686268,0.0001799016463337466,0.013412741939430081,0.05998360738158226,0.04246823489665985
860,20,0.00524907698854804,0.000172144515090622,0.013120385477973655,0.05867614597082138,0.041592348366975784
861,20,0.005256045144051313,0.00018890781211666763,0.013744373835015826,0.06146670877933502,0.04407190531492233
862,20,0.00528575899079442,0.00017672902322374284,0.013293946864033377,0.05945234000682831,0.0426439493894577
863,20,0.005083227995783091,0.00016949957353062928,0.013019200187823723,0.05822363123297691,0.04225873574614525
864,20,0.00567872729152441,0.0001572326000314206,0.01253924240261032,0.056077197194099426,0.039071790874004364
865,20,0.005597264505922794,0.0001908721897052601,0.013815650173092112,0.061785466969013214,0.04541141539812088
866,20,0.0052833566442132,0.0001443436776753515,0.012014311369169334,0.05372963845729828,0.038884058594703674
867,20,0.004983056336641312,0.0001585148274898529,0.012590267173092591,0.05630538985133171,0.04025430977344513
868,20,0.005281372927129269,0.00017655026749707758,0.013287221963114697,0.05942226201295853,0.04164843633770943
869,20,0.005350264720618725,0.000175945257069543,0.013264435799141364,0.0593203604221344,0.041981711983680725
870,20,0.006159453187137842,0.00018854683730751276,0.013731235825937618,0.06140795350074768,0.04283713921904564
871,20,0.004948575049638748,0.00017834761820267886,0.01335468525284961,0.05972396954894066,0.042133431881666183
872,20,0.004821997135877609,0.00016542912635486573,0.012861925452857583,0.05752028152346611,0.04078458249568939
873,20,0.0058502391912043095,0.0001654615334700793,0.012863185199245142,0.057525910437107086,0.040565356612205505
874,20,0.005185361951589584,0.00018618555623106658,0.013644982822673929,0.06102221831679344,0.043797869235277176
875,20,0.005254475399851799,0.00018482112500350922,0.013594893342851544,0.06079821288585663,0.0430261604487896
876,20,0.006052118260413408,0.00017212171223945916,0.013119516463630021,0.058672260493040085,0.04273436963558197
877,20,0.00487102847546339,0.0001717947016004473,0.013107047783557032,0.05861650034785271,0.041854895651340485
878,20,0.004972042981535196,0.00017567092436365783,0.013254090853908383,0.0592740960419178,0.04296892136335373
879,20,0.004984909202903509,0.0001737643760861829,0.01318197163121598,0.058951567858457565,0.04194974526762962
880,20,0.005712925456464291,0.00016543632955290377,0.012862205470015776,0.057521529495716095,0.04161517322063446
881,20,0.005869335029274225,0.0001907986734295264,0.01381298930099949,0.06177356839179993,0.043288156390190125
882,20,0.0055234236642718315,0.00015659909695386887,0.01251395608725989,0.055964112281799316,0.03931117057800293
883,20,0.005587167106568813,0.0001893328153528273,0.01375982613817585,0.06153581291437149,0.04449843615293503
884,20,0.0059103635139763355,0.000176946196006611,0.013302112464064157,0.05948885530233383,0.04243634268641472
885,20,0.005127443931996822,0.00017488730372861028,0.013224496350659646,0.059141743928194046,0.04273228719830513
886,20,0.005074375309050083,0.00015805166913196445,0.012571860209689116,0.0562230683863163,0.039930764585733414
887,20,0.004779075738042593,0.00015652229194529355,0.01251088693679603,0.055950384587049484,0.04116886109113693
888,20,0.005465825088322163,0.00017610967915970832,0.01327063220648166,0.05934806913137436,0.041896797716617584
889,20,0.005848401691764593,0.00019025590154342353,0.013793328153256687,0.06168563663959503,0.04451186582446098
890,20,0.005476915277540684,0.00017348481924273074,0.01317136360604819,0.05890412628650665,0.04590822756290436
891,20,0.006393997464329004,0.0001841596094891429,0.013570541974775469,0.06068930774927139,0.04227694123983383
892,20,0.005697411950677633,0.00017519501852802932,0.013236125510436554,0.05919375643134117,0.04245985299348831
893,20,0.00579144898802042,0.00016922011855058372,0.013008463343169466,0.058175619691610336,0.04208038002252579
894,20,0.005139335058629513,0.0001613334461580962,0.012701710363494208,0.05680377408862114,0.041472990065813065
895,20,0.005549290217459202,0.0001673515944276005,0.012936444427569752,0.057853538542985916,0.04142630845308304
896,20,0.006247983779758215,0.0001589770254213363,0.012608609178705488,0.056387413293123245,0.03912642225623131
897,20,0.006929485592991114,0.0002426471619401127,0.015577135870888227,0.06966306269168854,0.04873773083090782
898,20,0.0057988218031823635,0.00018753111362457275,0.013694199999436723,0.061242323368787766,0.0453861728310585
899,20,0.005009698681533337,0.00016911528655327857,0.013004433342259807,0.05815759301185608,0.04122156649827957
900,20,0.005501300562173128,0.00017607249901629984,0.013269231289577398,0.059341803193092346,0.04350052773952484
901,20,0.00591252651065588,0.00019368961511645466,0.013917241648992613,0.06223979964852333,0.04398054629564285
902,20,0.005496766418218613,0.00016900626360438764,0.013000240905628927,0.05813884735107422,0.04209473356604576
903,20,0.006288260221481323,0.00019383931066840887,0.013922618671371017,0.062263842672109604,0.043644364923238754
904,20,0.00570795638486743,0.00015964302292559296,0.012634992003384606,0.05650540068745613,0.04156503826379776
905,20,0.004919262602925301,0.00016680246335454285,0.012915202799590212,0.05775854364037514,0.042490724474191666
906,20,0.00584439467638731,0.00017346485401503742,0.013170605681404232,0.05890073999762535,0.042459119111299515
907,20,0.005392485298216343,0.00018472706142347306,0.013591433383696993,0.06078273802995682,0.042756661772727966
908,20,0.005848008207976818,0.00016953943122643977,0.013020730825358451,0.05823047459125519,0.042543575167655945
909,20,0.006794807501137257,0.00020585958554875106,0.01434780769137749,0.06416534632444382,0.048992834985256195
910,20,0.005479772575199604,0.00015813430945854634,0.012575146498492427,0.05623776465654373,0.039766062051057816
911,20,0.005382426083087921,0.00018286771955899894,0.013522859148826439,0.060476064682006836,0.04282570630311966
912,20,0.005124940536916256,0.00016091534052975476,0.012685241051306624,0.05673012137413025,0.03990723192691803
913,20,0.005735517013818026,0.00016381838941015303,0.01279915580849585,0.05723956227302551,0.040161602199077606
914,20,0.005834604613482952,0.00018296498456038535,0.013526454988665188,0.060492146760225296,0.04357706755399704
915,20,0.0058125643990933895,0.00017771264538168907,0.01333089064472772,0.05961756035685539,0.041989877820014954
916,20,0.006140927784144878,0.00020408879208844155,0.01428596486375497,0.06388877332210541,0.045606616884469986
917,20,0.0060231867246329784,0.00018899310089182109,0.013747476164439096,0.061480581760406494,0.04487448185682297
918,20,0.005141402594745159,0.000144781923154369,0.012032536023397935,0.05381114035844803,0.03890664875507355
919,20,0.005539379082620144,0.00018212138093076646,0.013495235490007815,0.06035253033041954,0.04282821714878082
920,20,0.0057143839076161385,0.00017839274369180202,0.013356374646280405,0.05973152071237564,0.04398932307958603
921,20,0.0064710648730397224,0.00017749948892742395,0.013322893414248421,0.05958179011940956,0.041257791221141815
922,20,0.006025525741279125,0.0001824231876526028,0.013506412834376225,0.060402508825063705,0.0451766699552536
923,20,0.00517427921295166,0.00016967565170489252,0.013025960682609652,0.05825386941432953,0.042584098875522614
924,20,0.005716798361390829,0.00015537382569164038,0.012464903757817,0.05574474483728409,0.04311108961701393
925,20,0.005442357622087002,0.00016606913413852453,0.012886781372341371,0.05763143673539162,0.041809312999248505
926,20,0.005893027409911156,0.00020507318549789488,0.014320376583661998,0.06404267251491547,0.04714976251125336
927,20,0.0056469133123755455,0.00019415971473790705,0.013934120522584375,0.062315281480550766,0.044495292007923126
928,20,0.005515383556485176,0.00018688663840293884,0.013670648792319216,0.06113699823617935,0.045212522149086
929,20,0.006099494639784098,0.0001641573035158217,0.01281238867330451,0.05729874223470688,0.040312692523002625
930,20,0.007022938225418329,0.00016730859351810068,0.01293478231429121,0.057846106588840485,0.04081474617123604
931,20,0.0059249987825751305,0.00016668843454681337,0.012910787526205105,0.05773879960179329,0.04189206287264824
932,20,0.005154924932867289,0.0001661677670199424,0.012890607705610407,0.05764855444431305,0.040501490235328674
933,20,0.006469053216278553,0.00018974691920448095,0.013774865487709162,0.06160306930541992,0.044371478259563446
934,20,0.004862409085035324,0.00011877914948854595,0.010898584747046103,0.048739951103925705,0.04002977907657623
935,20,0.005509495735168457,0.0001690923672867939,0.013003552102667713,0.058153651654720306,0.04122758284211159
936,20,0.005924442317336798,0.00016695521480869502,0.012921115076056517,0.05778498202562332,0.040928568691015244
937,20,0.005514724645763636,0.00015080736193340272,0.01228036489414719,0.05491946265101433,0.03851137310266495
938,20,0.006160722114145756,0.00017952147754840553,0.013398562517986977,0.05992019549012184,0.04165426641702652
939,20,0.006797769106924534,0.00017078097152989358,0.013068319384293207,0.05844330042600632,0.04121396690607071
940,20,0.005776603706181049,0.00017334389849565923,0.013166013006816423,0.05888020247220993,0.04258263111114502
941,20,0.0060684289783239365,0.0001732734963297844,0.013163339102590361,0.05886824056506157,0.04314549267292023
942,20,0.005041265860199928,0.00017297593876719475,0.013152031735332559,0.05881767347455025,0.043848197907209396
943,20,0.005984252318739891,0.00016657260130159557,0.012906300837249826,0.057718731462955475,0.040350012481212616
944,20,0.0051940204575657845,0.00016695486556272954,0.0129211015615051,0.057784922420978546,0.04174613952636719
945,20,0.006003677845001221,0.00019893472199328244,0.01410442207228933,0.06307689100503922,0.04562638700008392
946,20,0.005313585512340069,0.00017996256065089256,0.013415012510277154,0.05999375879764557,0.043443843722343445
947,20,0.005170990712940693,0.00017321392078883946,0.01316107597382674,0.05885811895132065,0.041523177176713943
948,20,0.005734738428145647,0.00017855179612524807,0.01336232749655718,0.05975814536213875,0.043309278786182404
949,20,0.005412227474153042,0.0001699453714536503,0.013036309732959335,0.05830014869570732,0.04270108789205551
950,20,0.005485232919454575,0.00014722556807100773,0.012133654357653663,0.05426335334777832,0.0377005971968174
951,20,0.005830605048686266,0.0001793218543753028,0.013391111020946051,0.0598868690431118,0.045938000082969666
952,20,0.006554104387760162,0.00018188376270700246,0.013486428834461793,0.060313139110803604,0.0451044961810112
953,20,0.005712348036468029,0.00019812971004284918,0.01407585557054523,0.06294913589954376,0.046700865030288696
954,20,0.005861074663698673,0.00016285972378682345,0.0127616505118587,0.057071834802627563,0.040781453251838684
955,20,0.00733102485537529,0.00023426550615113229,0.015305734420508291,0.06844932585954666,0.04760521277785301
956,20,0.006396743003278971,0.00017812743317335844,0.013346438969753634,0.059687092900276184,0.041951894760131836
957,20,0.007394846528768539,0.0002104960585711524,0.014508482297302927,0.06488390266895294,0.048472966998815536
958,20,0.006259892135858536,0.00017985473095905036,0.013410992914734179,0.05997578427195549,0.0436120480298996
959,20,0.00624289084225893,0.00019657486700452864,0.01402051593218055,0.06270164996385574,0.046734005212783813
960,20,0.004585749004036188,0.0001438563922420144,0.011994014850833495,0.05363886430859566,0.041022974997758865
961,20,0.0061393906362354755,0.00018187864043284208,0.01348623892836109,0.06031229346990585,0.04205092787742615
962,20,0.006103534251451492,0.00017832525190897286,0.013353847831579214,0.059720221906900406,0.04224485531449318
963,20,0.006659524980932474,0.0001805676001822576,0.013437544425312892,0.060094527900218964,0.04434378817677498
964,20,0.0058517539873719215,0.0001792214170563966,0.013387360346849434,0.05987009033560753,0.04581824317574501
965,20,0.007143162190914154,0.0001869047264335677,0.013671310340767183,0.06113995984196663,0.04372909665107727
966,20,0.00807119719684124,0.0002069445763481781,0.014385568335946206,0.0643342137336731,0.04366862773895264
967,20,0.006761565804481506,0.00020548977772705257,0.014334914639684903,0.06410769373178482,0.04583112895488739
968,20,0.005618400406092405,0.00017439178191125393,0.013205748063296299,0.05905790254473686,0.04139766842126846
969,20,0.005770751740783453,0.00016891316045075655,0.012996659588169437,0.05812282860279083,0.04305228218436241
970,20,0.00681088212877512,0.00021894709789194167,0.01479686108240331,0.06617356836795807,0.047905873507261276
971,20,0.0063607231713831425,0.00021079085126984864,0.014518638065254214,0.06492932140827179,0.04706045240163803
972,20,0.006627875380218029,0.0001694953825790435,0.013019039234100322,0.05822291225194931,0.04350731521844864
973,20,0.007081793155521154,0.0002170742955058813,0.014733441400632824,0.06588995456695557,0.04665396362543106
974,20,0.00592659180983901,0.0001769564114511013,0.013302496436800926,0.05949057266116142,0.042420823127031326
975,20,0.0060496642254292965,0.00014686321082990617,0.0121187132497599,0.05419653281569481,0.03683096542954445
976,20,0.005083578638732433,0.00017091554764192551,0.013073467315212346,0.05846632272005081,0.04154947027564049
977,20,0.005061484407633543,0.00016426233923994005,0.01281648700853475,0.05731707066297531,0.04203018918633461
978,20,0.004754821304231882,0.00016851889085955918,0.012981482614076067,0.05805495008826256,0.0409466028213501
979,20,0.005213397555053234,0.0001713093079160899,0.013088518171133426,0.05853363499045372,0.041379041969776154
980,20,0.006418100092560053,0.00015564178465865552,0.012475647664897224,0.05579279363155365,0.04162484407424927
981,20,0.004864158574491739,0.00016654023784212768,0.012905046991085608,0.05771312490105629,0.04178904742002487
982,20,0.004972267895936966,0.00016404209600295871,0.012807891942195589,0.05727863684296608,0.04103357717394829
983,20,0.005101400427520275,0.00019606132991611958,0.01400219018282924,0.06261970102787018,0.04620986431837082
984,20,0.005502794403582811,0.0001629248436074704,0.012764201643952136,0.05708324536681175,0.03993548825383186
985,20,0.00656465720385313,0.00018742734391707927,0.013690410655531093,0.06122537702322006,0.04304604232311249
986,20,0.004951419774442911,0.00015013730444479734,0.012253052862237938,0.05479731783270836,0.03912048041820526
987,20,0.006319992244243622,0.0002233247214462608,0.014944053046153871,0.06683183461427689,0.048769474029541016
988,20,0.00628985371440649,0.0001855593582149595,0.013622017406205276,0.060919519513845444,0.04521144554018974
989,20,0.005319844465702772,0.00014540522533934563,0.012058408905794564,0.05392684414982796,0.040639203041791916
990,20,0.00565857719630003,0.00018105213530361652,0.013455561500867087,0.060175102204084396,0.04329328238964081
991,20,0.005495208315551281,0.00017483446572441608,0.013222498467552041,0.059132810682058334,0.04359159246087074
992,20,0.0053639886900782585,0.00015653764421585947,0.01251150047819443,0.05595313385128975,0.0408746674656868
993,20,0.006130996160209179,0.00017749117978382856,0.013322581573547545,0.059580396860837936,0.04221182316541672
994,20,0.004796856548637152,0.00015896274999249727,0.012608043067522305,0.05638488009572029,0.04051332548260689
995,20,0.005132240708917379,0.00016349794168490916,0.012786631365801908,0.05718355253338814,0.04031434655189514
996,20,0.006162791047245264,0.00018429297779221088,0.013575454975514113,0.06071128323674202,0.04512190446257591
997,20,0.005430750548839569,0.00015824327419977635,0.01257947829600959,0.05625714361667633,0.0394386351108551
998,20,0.005804228130728006,0.0001516943593742326,0.012316426404368785,0.05508073419332504,0.04157603532075882
999,20,0.00642053410410881,0.0001588755549164489,0.01260458467845922,0.056369416415691376,0.03923406824469566
1000,20,0.007002939935773611,0.00021173265122342855,0.014551036087627181,0.06507421284914017,0.045865658670663834
1001,20,0.0055646225810050964,0.00017567106988281012,0.013254096343501134,0.05927412211894989,0.041347675025463104
1002,20,0.006332854274660349,0.000158553448272869,0.01259180083518116,0.05631224811077118,0.0396508164703846
1003,20,0.005439319647848606,0.0001531407469883561,0.012375004928821487,0.05534270405769348,0.04035544395446777
1004,20,0.004816596396267414,0.00016217576921917498,0.012734825056480948,0.05695187300443649,0.040352221578359604
1005,20,0.004728941712528467,0.00016469841648358852,0.012833488087172112,0.05739310383796692,0.04064447805285454
1006,20,0.005251321941614151,0.0001705529575701803,0.013059592549929737,0.05840427428483963,0.04107733070850372
1007,20,0.004778025206178427,0.00017305630899500102,0.013155086810622005,0.058831337839365005,0.0416533388197422
1008,20,0.004700189922004938,0.00016825657803565264,0.012971375333234817,0.05800975486636162,0.04137988016009331
1009,20,0.004698249511420727,0.00016324661555700004,0.01277679989500501,0.05713958665728569,0.04095993936061859
1010,20,0.005353433545678854,0.00017426160047762096,0.01320081817455346,0.059035856276750565,0.04161044955253601
1011,20,0.00478737847879529,0.0001670721685513854,0.012925639966801853,0.05780521780252457,0.04167325049638748
1012,20,0.005050423089414835,0.00017350356210954487,0.013172075087454705,0.05890731140971184,0.04273923486471176
1013,20,0.004767348524183035,0.00017435527115594596,0.013204365609749904,0.059051718562841415,0.0422118604183197
1014,20,0.00479517225176096,0.00017263181507587433,0.013138942692464807,0.058759137988090515,0.04254881292581558
1015,20,0.004639350343495607,0.00017166815814562142,0.013102219588513292,0.05859490483999252,0.04175899922847748
1016,20,0.0050855460576713085,0.000175829220097512,0.013260061089509053,0.059300798922777176,0.04283291473984718
1017,20,0.005105737596750259,0.00016475182201247662,0.012835568628326391,0.05740240961313248,0.041730523109436035
1018,20,0.004911398980766535,0.00017668676446191967,0.01329235737038091,0.05944523215293884,0.04248062148690224
1019,20,0.005137068685144186,0.00018956800340674818,0.013768369671342652,0.061574023216962814,0.045986488461494446
1020,20,0.004770901054143906,0.00016956489707808942,0.01302170868504166,0.05823484808206558,0.041348252445459366
1021,20,0.004703795537352562,0.00016737112309783697,0.012937199198351897,0.057856909930706024,0.041263941675424576
1022,20,0.005644932389259338,0.00017938048404175788,0.013393299968333341,0.05989665910601616,0.042834822088479996
1023,20,0.004696641117334366,0.00016778109420556575,0.012953034169860194,0.057927727699279785,0.04239187389612198
1024,20,0.004741924814879894,0.0001672759826760739,0.012933521665659121,0.05784046649932861,0.04238143935799599
1025,20,0.004887765739113092,0.0001724964677123353,0.01313379106398207,0.05873610079288483,0.04197698459029198
1026,20,0.004905089735984802,0.00016333228268194944,0.012780151903711843,0.0571545772254467,0.04047055542469025
1027,20,0.005120234098285437,0.0001726349291857332,0.013139061198797012,0.058759670704603195,0.041674692183732986
1028,20,0.005126298870891333,0.00017559726256877184,0.013251311730118337,0.05926166847348213,0.04277016967535019
1029,20,0.0049513475969433784,0.00017435674089938402,0.013204421263326311,0.05905196815729141,0.04275251179933548
1030,20,0.0053713396191596985,0.00017162630683742464,0.013100622383590202,0.05858776718378067,0.042487915605306625
1031,20,0.0051069362089037895,0.00016297839465551078,0.012766299176171251,0.05709262564778328,0.04108366742730141
1032,20,0.004846847150474787,0.00017741380725055933,0.01331967744543986,0.0595674067735672,0.04234233498573303
1033,20,0.004758444614708424,0.00017632513481657952,0.013278747486739084,0.059384364634752274,0.04273085296154022
1034,20,0.006507071666419506,0.00019657844677567482,0.014020643593490095,0.0627022236585617,0.04690515249967575
1035,20,0.0047385175712406635,0.00017351802671328187,0.01317262413922457,0.058909766376018524,0.04246171563863754
1036,20,0.0051027508452534676,0.000175937864696607,0.0132641571423369,0.05931911617517471,0.044319313019514084
1037,20,0.005292273126542568,0.00017172998923342675,0.013104578941477927,0.058605458587408066,0.0411309078335762
1038,20,0.0047921123914420605,0.00017163476150017232,0.013100945061337075,0.058589205145835876,0.04166056215763092
1039,20,0.004751687403768301,0.00017468009900767356,0.013216659903609292,0.059106700122356415,0.042352285236120224
1040,20,0.0046377284452319145,0.0001676311221672222,0.012947243805815283,0.057901833206415176,0.04137774556875229
1041,20,0.00522076990455389,0.00018129590898752213,0.01346461692687624,0.06021559238433838,0.04288685694336891
1042,20,0.004819293040782213,0.00015755067579448223,0.012551919207614516,0.05613388866186142,0.039650991559028625
1043,20,0.005204332061111927,0.00016998869250528514,0.013037971180566597,0.05830758064985275,0.041416700929403305
1044,20,0.0046270499005913734,0.0001703061570879072,0.0130501401175584,0.05836200341582298,0.04162633791565895
1045,20,0.005281574092805386,0.00017270512762479484,0.013141732291627115,0.058771610260009766,0.04202153533697128
1046,20,0.0046852403320372105,0.00017009128350764513,0.013041904903335445,0.05832517147064209,0.04190433397889137
1047,20,0.005433335434645414,0.0001814096758607775,0.01346884092491917,0.06023448705673218,0.04325913265347481
1048,20,0.005125339142978191,0.00016836114809848368,0.012975405508055758,0.05802777782082558,0.04236724227666855
1049,20,0.005316893570125103,0.00017248073709197342,0.013133192189714328,0.05873342230916023,0.0416702963411808
1050,20,0.005262445658445358,0.00015793446800671518,0.01256719809689953,0.05620221793651581,0.040619079023599625
1051,20,0.00497437221929431,0.00014948970056138933,0.012226598078017832,0.054679010063409805,0.0395442470908165
1052,20,0.005362597294151783,0.00017342597129754722,0.013169129481387418,0.058894138783216476,0.04183536767959595
1053,20,0.004890843294560909,0.00017089649918489158,0.013072738779035233,0.058463066816329956,0.042195096611976624
1054,20,0.005463108420372009,0.00017551216296851635,0.013248100353202204,0.05924730747938156,0.04202505946159363
1055,20,0.004883269779384136,0.00017274469428230077,0.013143237587531498,0.058778345584869385,0.041977670043706894
1056,20,0.004645871464163065,0.000167024350957945,0.012923790115826896,0.05779694393277168,0.041566845029592514
1057,20,0.004939069040119648,0.00016778959252405912,0.012953362209251277,0.05792919546365738,0.0411786288022995
1058,20,0.004781065508723259,0.00017167333862744272,0.013102417281839359,0.05859579145908356,0.041664302349090576
1059,20,0.00467986473813653,0.00016071207937784493,0.012677226801546343,0.056694284081459045,0.04065597802400589
1060,20,0.00466612633317709,0.0001705630129436031,0.013059977524620903,0.05840599536895752,0.042071595788002014
1061,20,0.005035667214542627,0.0001729713985696435,0.013151859129782508,0.058816902339458466,0.04153013974428177
1062,20,0.004902044776827097,0.00016604599659331143,0.012885883617094772,0.057627420872449875,0.040893033146858215
1063,20,0.004604683257639408,0.00015722592070233077,0.012538976062754517,0.05607600510120392,0.04008954390883446
1064,20,0.0048344917595386505,0.00015613128198310733,0.012495250376967535,0.055880460888147354,0.04066971316933632
1065,20,0.0046980842016637325,0.00014989481132943183,0.01224315365130373,0.054753050208091736,0.03856629505753517
1066,20,0.0048519340343773365,0.0001606547593837604,0.012674965853356781,0.05668417364358902,0.04048372432589531
1067,20,0.004445516038686037,0.00016145552217494696,0.012706514950014696,0.05682526156306267,0.04104650393128395
1068,20,0.004521023482084274,0.00016016472363844514,0.012655620239184057,0.05659765750169754,0.041405826807022095
1069,20,0.004693137016147375,0.00015980454918462783,0.012641382407973736,0.05653398111462593,0.041005659848451614
1070,20,0.004689395427703857,0.00014967643073759973,0.012234231922666814,0.05471314862370491,0.04072147607803345
1071,20,0.004395086318254471,0.0001553038164274767,0.012462095186102404,0.055732183158397675,0.041637420654296875
1072,20,0.005190653260797262,0.00016193921328522265,0.01272553390963313,0.05691031739115715,0.04341030865907669
1073,20,0.004748547915369272,0.0001492903393227607,0.01221844258990321,0.054642535746097565,0.04097689688205719
1074,20,0.0051078046672046185,0.00015359690587501973,0.012393421879167178,0.055425066500902176,0.04252801090478897
1075,20,0.004369128029793501,0.0001284496975131333,0.011333565083994237,0.05068524181842804,0.03779806196689606
1076,20,0.004449921660125256,0.00014892184117343277,0.01220335368550108,0.054575055837631226,0.042525842785835266
1077,20,0.004769341554492712,0.00014183444727677852,0.011909426824023838,0.053260575979948044,0.04080572724342346
1078,20,0.004284569062292576,0.00014023193216416985,0.01184195643313088,0.05295884236693382,0.0417201928794384
1079,20,0.004366741515696049,0.0001318044087383896,0.011480610120476594,0.05134284868836403,0.040362510830163956
1080,20,0.004918919410556555,0.00013703601143788546,0.01170623814202861,0.05235188826918602,0.04072124511003494
1081,20,0.005125743802636862,0.00012199303455417976,0.011045045701769628,0.049394942820072174,0.03800991177558899
1082,20,0.0043896762654185295,0.00012502871686592698,0.011181624071034001,0.05000574141740799,0.04295983910560608
1083,20,0.0038677030242979527,0.0001154418132500723,0.010744385196467608,0.048050351440906525,0.04049769788980484
1084,20,0.004373817704617977,0.00011079087562393397,0.010525724470264931,0.04707247391343117,0.041418835520744324
1085,20,0.0036338455975055695,0.00010567924618953839,0.010280041156996328,0.04597374424338341,0.041372284293174744
1086,20,0.004451862536370754,0.00011075306974817067,0.010523928437050998,0.047064438462257385,0.04110322892665863
1087,20,0.003622461576014757,0.00010648092575138435,0.010318959528527299,0.04614778608083725,0.04160502552986145
1088,20,0.004136804956942797,0.00011655507842078805,0.010796067729538754,0.048281483352184296,0.043724142014980316
1089,20,0.004233193583786488,0.00010770881635835394,0.01037828581020748,0.046413108706474304,0.041839003562927246
1090,20,0.003675720188766718,0.00011019940575351939,0.010497590473700115,0.04694664850831032,0.04228215292096138
1091,20,0.0037750143092125654,0.00010492078581592068,0.010243084780275944,0.045808471739292145,0.04162916913628578
1092,20,0.003634154796600342,0.00010903990914812312,0.010442217635546728,0.04669901728630066,0.04228774085640907
1093,20,0.00399402342736721,0.00010931220458587632,0.010455247705620193,0.0467572882771492,0.041941750794649124
1094,20,0.0040587084367871284,0.00010889475379372016,0.010435264912484022,0.046667926013469696,0.04182317480444908
1095,20,0.004198001231998205,0.00011706027726177126,0.010819439785024513,0.04838600382208824,0.043686773627996445
1096,20,0.003826956497505307,0.00010756212577689439,0.01037121621493325,0.04638149216771126,0.041450753808021545
1097,20,0.0035852573346346617,0.00010583000403130427,0.010287371094274002,0.046006523072719574,0.04153111204504967
1098,20,0.0038400262128561735,0.00010256290261168033,0.010127334427759377,0.04529081657528877,0.040579911321401596
1099,20,0.0042730942368507385,0.00010343144822400063,0.010170125280644315,0.04548218473792076,0.04063843563199043
1100,20,0.004825396463274956,0.00011296122102066875,0.010628321646462754,0.04753130301833153,0.04253939539194107
1101,20,0.004391145892441273,0.00011397279013181105,0.010675803957164587,0.04774364456534386,0.04266134649515152
1102,20,0.0037195279728621244,0.00010579427180346102,0.01028563424410284,0.04599875584244728,0.042153168469667435
1103,20,0.0039288741536438465,0.00010939070489257574,0.010459001142201666,0.04677407443523407,0.04170291870832443
1104,20,0.0038834898732602596,0.0001065502074197866,0.01032231599108391,0.04616280272603035,0.040753819048404694
1105,20,0.00384766748175025,0.00010715937241911888,0.010351781123029934,0.046294573694467545,0.04137781262397766
1106,20,0.003590840846300125,0.00010935124009847641,0.010457114329415951,0.046765636652708054,0.04179966449737549
1107,20,0.0038102571852505207,0.00011152848310302943,0.01056070466886701,0.04722890630364418,0.04286928474903107
1108,20,0.003556710435077548,0.00010384527558926493,0.010190450215239018,0.04557307809591293,0.04087044298648834
1109,20,0.0037745176814496517,0.00011073560744989663,0.010523098757015285,0.04706072807312012,0.041857462376356125
1110,20,0.003986779134720564,0.00010820243915077299,0.010402040143682055,0.046519339084625244,0.04131172597408295
1111,20,0.003986628260463476,0.00010058350017061457,0.010029132573189697,0.044851645827293396,0.04006082937121391
1112,20,0.004034052137285471,0.00010418902093078941,0.010207302333662377,0.045648444443941116,0.040291670709848404
1113,20,0.0037829901557415724,0.00010693742660805583,0.010341055391402555,0.04624660313129425,0.041927747428417206
1114,20,0.004109502304345369,0.00010800277959788218,0.010392438578018259,0.046476393938064575,0.04280047118663788
1115,20,0.003506514709442854,0.00010616568761179224,0.010303673500834169,0.046079427003860474,0.04217245429754257
1116,20,0.004993146751075983,0.00011492890916997567,0.010720490155304265,0.047943487763404846,0.042890988290309906
1117,20,0.004076006356626749,9.942332690116018e-05,0.009971124655782825,0.044592224061489105,0.04060673341155052
1118,20,0.003773289965465665,0.000103433383628726,0.01017022043166843,0.045482609421014786,0.04135960340499878
1119,20,0.004894916899502277,0.00010955287143588066,0.01046675075827645,0.04680873081088066,0.04062926024198532
1120,20,0.003876189235597849,9.675606997916475e-05,0.009836466335995093,0.04399001598358154,0.0390348806977272
1121,20,0.004040404222905636,9.853990923147649e-05,0.009926727015057707,0.04439367726445198,0.0405520498752594
1122,20,0.003831487847492099,9.858928387984633e-05,0.009929213658686488,0.04440478980541229,0.04042617231607437
1123,20,0.0037008486688137054,9.843256702879444e-05,0.009921318814996041,0.04436948522925377,0.04078172892332077
1124,20,0.0038843476213514805,0.00010668764298316091,0.010328971051521101,0.04619256779551506,0.042105019092559814
1125,20,0.004282650537788868,0.00010381408355897292,0.010188919646310541,0.04556623846292496,0.04056742414832115
1126,20,0.003661359427496791,0.00010034996375907212,0.010017482905354624,0.04479954391717911,0.04122413694858551
1127,20,0.0036720826756209135,9.759805107023567e-05,0.009879172590365838,0.04418100416660309,0.040949784219264984
1128,20,0.003695984836667776,9.71853150986135e-05,0.009858261261430105,0.0440874844789505,0.04056787118315697
1129,20,0.003688995260745287,9.989146929001436e-05,0.009994571991336815,0.04469708353281021,0.041159939020872116
1130,20,0.003982248716056347,0.00010192927584284917,0.010096002963690589,0.045150697231292725,0.041618894785642624
1131,20,0.0037319480907171965,9.818943362915888e-05,0.009909058160549815,0.044314656406641006,0.0413731150329113
1132,20,0.004333296325057745,9.43135455599986e-05,0.009711516130862297,0.043431222438812256,0.03949781507253647
1133,20,0.0036617605946958065,9.915424743667245e-05,0.009957622579545404,0.044531844556331635,0.041327156126499176
1134,20,0.003565627383068204,9.352857887279242e-05,0.009671017468332503,0.043250106275081635,0.04014433175325394
1135,20,0.0040105837397277355,9.497487917542458e-05,0.009745505588496914,0.0435832254588604,0.04003959894180298
1136,20,0.00405604112893343,0.00010408533125882968,0.010202221878533601,0.0456257238984108,0.04189680889248848
1137,20,0.004674132913351059,0.00010545612167334184,0.010269183106427786,0.04592518508434296,0.04147747904062271
1138,20,0.0037470380775630474,9.424586460227147e-05,0.009708030933318634,0.04341563582420349,0.040260933339595795
1139,20,0.003655738430097699,9.618501644581556e-05,0.009807396007392359,0.04386000707745552,0.040775347501039505
1140,20,0.00352677283808589,9.889864304568619e-05,0.009944779688142226,0.04447440803050995,0.04160435497760773
1141,20,0.0034433514811098576,9.267819405067712e-05,0.009626951441171662,0.0430530346930027,0.040198713541030884
1142,20,0.003486245172098279,9.583130304235965e-05,0.009789346405269335,0.04377928748726845,0.04083932191133499
1143,20,0.0036100540310144424,9.804592991713434e-05,0.009901814476000565,0.04428226128220558,0.041256945580244064
1144,20,0.0037561170756816864,9.793415665626526e-05,0.009896168786771235,0.04425701126456261,0.04119863733649254
1145,20,0.004022067878395319,0.0001056112814694643,0.010276734961526658,0.045958954840898514,0.042488183826208115
1146,20,0.003647688776254654,9.921528544509783e-05,0.009960686996643245,0.04454554617404938,0.0415327250957489
1147,20,0.004171361215412617,0.00010894962906604633,0.010437893899922834,0.04667967930436134,0.04339928179979324
1148,20,0.004256328567862511,0.00010905657836701721,0.01044301576973899,0.046702586114406586,0.04327743873000145
1149,20,0.005482418928295374,0.0001305383921135217,0.0114253399123843,0.05109567567706108,0.04549461230635643
1150,20,0.004100197460502386,9.38577504712157e-05,0.009688020978054067,0.04332614690065384,0.03909921646118164
1151,20,0.0038617707323282957,0.0001080098663805984,0.010392779531030108,0.04647792503237724,0.042459070682525635
1152,20,0.004229780752211809,0.00010922386718448251,0.010451022303319542,0.0467383973300457,0.04308219254016876
1153,20,0.004094126168638468,0.00010723329614847898,0.010355351087649274,0.04631054028868675,0.04207279533147812
1154,20,0.004508580081164837,0.00011341228673700243,0.010649520493289941,0.047626104205846786,0.04366469383239746
1155,20,0.005620806943625212,0.00012506441271398216,0.01118322014063848,0.05001288279891014,0.0429815873503685
1156,20,0.004885849542915821,0.00012088804214727134,0.010994909828974104,0.049170732498168945,0.04336846247315407
1157,20,0.0038427095860242844,0.00010694786033127457,0.010341559859676613,0.04624886065721512,0.04274258390069008
1158,20,0.0037647937424480915,0.00010755399853223935,0.010370824390193836,0.04637973755598068,0.04278441146016121
1159,20,0.003780607134103775,0.00010434483556309715,0.010214931990135673,0.04568256437778473,0.04251575097441673
1160,20,0.0040715401992201805,0.00010469739936525002,0.010232174713385713,0.04575967416167259,0.042014919221401215
1161,20,0.003658394794911146,0.00010158243821933866,0.010078811349526226,0.04507381469011307,0.04209686443209648
1162,20,0.003994335420429707,0.00010747367196017876,0.010366950948093598,0.046362414956092834,0.042800094932317734
1163,20,0.003534893738105893,0.00010307379852747545,0.010152526706563024,0.045403480529785156,0.04258786514401436
1164,20,0.0038571790792047977,0.00010116018529515713,0.010057841980025194,0.044980037957429886,0.04164048284292221
1165,20,0.0038254589308053255,9.984322969103232e-05,0.009992158410024949,0.04468629136681557,0.04185241833329201
1166,20,0.004420964512974024,0.00011442240793257952,0.010696841025862706,0.04783772677183151,0.04408073052763939
1167,20,0.003816865384578705,9.622520883567631e-05,0.009809444879078342,0.04386917129158974,0.04042235016822815
1168,20,0.003818012773990631,9.79384858510457e-05,0.009896387515201985,0.0442579910159111,0.04123919457197189
1169,20,0.004369649104773998,0.00010884246148634702,0.010432759054360788,0.046656716614961624,0.04255378618836403
1170,20,0.005173824727535248,0.00011972802167292684,0.010942030052642281,0.048934247344732285,0.04456045851111412
1171,20,0.0034356359392404556,0.00010176208888879046,0.010087719707088934,0.04511365294456482,0.04340221360325813
1172,20,0.004444350488483906,0.00011062841076636687,0.0105180041246601,0.047037944197654724,0.043341558426618576
1173,20,0.00414699874818325,0.00010218975512543693,0.010108894851834048,0.04520835354924202,0.041815221309661865
1174,20,0.0038908147253096104,0.00010202328121522442,0.01010065746450321,0.04517151042819023,0.04234347864985466
1175,20,0.00393518153578043,0.00010352999379392713,0.010174968982455285,0.04550384357571602,0.04270491003990173
1176,20,0.004058461636304855,9.571074042469263e-05,0.009783186619128383,0.04375173896551132,0.04032379761338234
1177,20,0.003911557141691446,9.851720824372023e-05,0.009925583521572938,0.044388558715581894,0.04133930057287216
1178,20,0.0039166840724647045,0.00010015004954766482,0.010007499665134385,0.04475490003824234,0.042180102318525314
1179,20,0.003815555479377508,0.00010096834739670157,0.010048300721848525,0.0449373684823513,0.04210669547319412
1180,20,0.004612515214830637,0.00010643700079526752,0.01031683094730487,0.046138275414705276,0.042860791087150574
1181,20,0.004451882094144821,0.00010184598795603961,0.010091877325653519,0.04513224959373474,0.04174292832612991
1182,20,0.0040449053049087524,0.00011309127148706466,0.010634437995825856,0.04755865037441254,0.04517606273293495
1183,20,0.004259461537003517,9.866084292298183e-05,0.009932816464778851,0.04442090541124344,0.041051480919122696
1184,20,0.004803278483450413,0.00010746547195594758,0.01036655545279856,0.046360649168491364,0.04219910129904747
1185,20,0.004021748900413513,0.00010111620940733701,0.010055655593114603,0.044970251619815826,0.04192515090107918
1186,20,0.00394196342676878,9.905108890961856e-05,0.00995244135424161,0.0445086732506752,0.04140809178352356
1187,20,0.0040781572461128235,9.851101640379056e-05,0.00992527160352756,0.04438716545701027,0.04103183001279831
1188,20,0.004837241023778915,9.97769384412095e-05,0.009988840695556693,0.04467145353555679,0.040361903607845306
1189,20,0.004870618227869272,0.00011231936514377594,0.010598083088170989,0.04739606752991676,0.042453549802303314
1190,20,0.00570430513471365,0.00010945252142846584,0.010461955908359863,0.046787288039922714,0.03971449285745621
1191,20,0.003948460798710585,9.982306801248342e-05,0.009991149484042535,0.04468178004026413,0.04097551479935646
1192,20,0.005240847356617451,0.00012220059579703957,0.011054437832700475,0.04943694919347763,0.044835835695266724
1193,20,0.004986896179616451,0.00011086479207733646,0.010529235113593792,0.047088172286748886,0.041124556213617325
1194,20,0.005335991736501455,0.00010654819197952747,0.010322218365231743,0.04616236686706543,0.04101664572954178
1195,20,0.007476464845240116,0.00014736305456608534,0.012139318537961071,0.05428868159651756,0.04452201724052429
1196,20,0.00502055324614048,0.00011610628280322999,0.01077526253987484,0.04818844050168991,0.043537601828575134
1197,20,0.004890060983598232,0.0001039328271872364,0.010194745077108913,0.0455922856926918,0.04013783112168312
1198,20,0.005538442172110081,0.00010729642963269725,0.010358398989838983,0.046324167400598526,0.04122357442975044
1199,20,0.0042984625324606895,0.00010487352119525895,0.01024077737260502,0.04579814523458481,0.04178463667631149
1200,20,0.004983309656381607,0.00011351842113072053,0.010654502387757043,0.04764838516712189,0.04340633004903793
1201,20,0.00377817265689373,9.708463039714843e-05,0.009853153322523121,0.04406464099884033,0.04099525511264801
1202,20,0.004645420704036951,0.00011883403931278735,0.010901102664996205,0.04875120893120766,0.04426039755344391
1203,20,0.004863669630140066,0.00010162395483348519,0.010080870737862142,0.045083023607730865,0.040888261049985886
1204,20,0.004430664703249931,8.435788913629949e-05,0.009184655090764132,0.041075024753808975,0.03802432864904404
1205,20,0.006915803998708725,0.00012053827231284231,0.010978992317733095,0.04909954592585564,0.03790662810206413
1206,20,0.006142991594970226,0.00011355173774063587,0.010656065772161688,0.0476553738117218,0.04149036854505539
1207,20,0.004492486361414194,0.00010364355694036931,0.010180547968570715,0.04552879557013512,0.041133198887109756
1208,20,0.0051436335779726505,0.00011588949564611539,0.010765198356097086,0.048143431544303894,0.0425727441906929
1209,20,0.005075226537883282,0.00012260577932465822,0.011072749402233314,0.04951884225010872,0.04472186043858528
1210,20,0.00456892978399992,0.00011084273864980787,0.01052818781414009,0.04708348959684372,0.04302734136581421
1211,20,0.005614993162453175,0.00011276259465375915,0.0106189733333199,0.04748949036002159,0.04260546714067459
1212,20,0.005747317802160978,0.00012089193478459492,0.010995086847523984,0.04917152225971222,0.04376218840479851
1213,20,0.004789173603057861,0.00010798525909194723,0.01039159559894183,0.04647262766957283,0.04201756790280342
1214,20,0.004181236959993839,0.00010133233445230871,0.010066396299188141,0.04501829296350479,0.04168912395834923
1215,20,0.0039708586409688,9.71995759755373e-05,0.009858984530647022,0.044090721756219864,0.04127584397792816
1216,20,0.004623505286872387,0.00011202428868273273,0.010584152714446855,0.047333769500255585,0.0435103178024292
1217,20,0.0046453652903437614,0.00010176163777941838,0.010087697347730967,0.04511355236172676,0.04128754884004593
1218,20,0.00497131934389472,0.00010428364475956187,0.010211936386384408,0.04566916450858116,0.04239387810230255
1219,20,0.004771537147462368,0.00011530824849614874,0.010738167837026424,0.0480225495994091,0.04424363747239113
1220,20,0.004477432928979397,0.00011007031571352854,0.01049144011628187,0.04691914841532707,0.04314673691987991
1221,20,0.0038178488612174988,9.949273953679949e-05,0.009974604730855229,0.04460778832435608,0.04183676093816757
1222,20,0.005162509623914957,0.00011712491686921567,0.010822426570285227,0.048399366438388824,0.0435917004942894
1223,20,0.004223618656396866,9.574333671480417e-05,0.009784852411498304,0.043759189546108246,0.0407889187335968
1224,20,0.004366947803646326,0.00010312752419849858,0.010155172287977125,0.04541531205177307,0.042260438203811646
1225,20,0.005033460445702076,0.00010668158938642591,0.010328678007684522,0.0461912527680397,0.040774788707494736
1226,20,0.0046213772147893906,0.00010024168295785785,0.010012076855371109,0.04477537050843239,0.04089020937681198
1227,20,0.005952105391770601,0.00011833140160888433,0.010878023791520423,0.04864799976348877,0.041101738810539246
1228,20,0.005192101467400789,0.00010278605623170733,0.010138345833108443,0.04534006491303444,0.03921440616250038
1229,20,0.0046079764142632484,9.889883222058415e-05,0.009944789199404086,0.04447444900870323,0.040886152535676956
1230,20,0.004370681010186672,0.00010907064279308543,0.010443689137133746,0.04670559614896774,0.043049685657024384
1231,20,0.004259455017745495,0.00011504862050060183,0.010726071997735323,0.04796845093369484,0.04345405101776123
1232,20,0.005211616400629282,0.000118407049740199,0.01088150034417125,0.04866355285048485,0.04219458997249603
1233,20,0.00516230845823884,0.00011373045708751306,0.010664448278627125,0.047692857682704926,0.042447902262210846
1234,20,0.003993008751422167,0.00010749373905127868,0.010367918742509447,0.04636674374341965,0.042497776448726654
1235,20,0.004180290270596743,0.00010193003254244104,0.010096040438827543,0.04515086114406586,0.041268859058618546
1236,20,0.0036677755415439606,0.00010208742605755106,0.01010383224611093,0.04518571123480797,0.042111899703741074
1237,20,0.003942026756703854,0.0001040747738443315,0.01020170445780172,0.04562341049313545,0.04244880750775337
1238,20,0.0038182889111340046,9.883007442113012e-05,0.009941331622128402,0.044458989053964615,0.04105762764811516
1239,20,0.005017925053834915,0.00011178197746630758,0.010572699630004987,0.04728255420923233,0.042086295783519745
1240,20,0.003858651965856552,0.00010193519847234711,0.010096296274988523,0.04515201225876808,0.04188423603773117
1241,20,0.0041299788281321526,0.00010497095354367048,0.010245533345984019,0.045819416642189026,0.0424024723470211
1242,20,0.0047692470252513885,0.00011824502144008875,0.01087405266862768,0.048630241304636,0.04360562190413475
1243,20,0.003940576687455177,0.00010675781959434971,0.010332367569649743,0.04620775580406189,0.043207790702581406
1244,20,0.003794512478634715,9.997830784413964e-05,0.009998915333381897,0.04471650719642639,0.041630085557699203
1245,20,0.0038727144710719585,9.899701399262995e-05,0.009949724317418546,0.04449652135372162,0.04070300608873367
1246,20,0.0038548200391232967,0.00010141278471564874,0.010070391487705369,0.045036159455776215,0.04190440475940704
1247,20,0.004998090676963329,8.800887735560536e-05,0.009381304672357964,0.04195446893572807,0.036337003111839294
1248,20,0.003860278520733118,7.931410800665617e-05,0.008905846843880495,0.03982815518975258,0.037160176783800125
1249,20,0.003949561156332493,9.464728645980358e-05,0.009728683696153534,0.04350799694657326,0.03959197178483009
1250,20,0.004262822680175304,0.00010337373532820493,0.010167287510845995,0.0454694926738739,0.04144644737243652
1251,20,0.005990045145153999,0.00013477566244546324,0.011609292073398069,0.051918335258960724,0.044700995087623596
1252,20,0.00398947624489665,8.899958629626781e-05,0.00943395920577717,0.04218994826078415,0.039503589272499084
1253,20,0.0045856693759560585,9.745244460646063e-05,0.00987180047440489,0.0441480316221714,0.03960415720939636
1254,20,0.004556735046207905,0.00010686381574487314,0.010337495622483869,0.04623068496584892,0.04163902625441551
1255,20,0.004662291146814823,0.00010957826452795416,0.010467963724046533,0.04681415483355522,0.04389308765530586
1256,20,0.004820909351110458,0.00013591563038062304,0.011658285910914307,0.05213744193315506,0.04639969766139984
1257,20,0.004060409031808376,7.790528616169468e-05,0.008826397122365087,0.03947284445166588,0.0346517488360405
1258,20,0.003994042985141277,9.286694694310427e-05,0.009636749812208693,0.04309685900807381,0.03973478078842163
1259,20,0.004869514610618353,0.00010269189078826457,0.010133700744953176,0.04531928524374962,0.03996650129556656
1260,20,0.003961951471865177,9.549527749186382e-05,0.009772168515322676,0.043702468276023865,0.03988448157906532
1261,20,0.0040816692635416985,9.5631621661596e-05,0.009779142174117114,0.04373364895582199,0.03951067104935646
1262,20,0.0035008382983505726,9.160776971839368e-05,0.009571194790536534,0.04280368611216545,0.0395209863781929
1263,20,0.003901523305103183,8.025470742722973e-05,0.008958499172697943,0.04006362706422806,0.035722922533750534
1264,20,0.004905167035758495,0.0001101773013942875,0.01049653759076237,0.04694194346666336,0.04037608951330185
1265,20,0.003950785845518112,8.996435644803569e-05,0.009484954214335232,0.04241800680756569,0.0385594442486763
1266,20,0.00419577956199646,8.789055573288351e-05,0.00937499630575306,0.04192625731229782,0.037821587175130844
1267,20,0.0035881847143173218,8.638503641122952e-05,0.009294355083125969,0.04156561568379402,0.03781196102499962
1268,20,0.00382573832757771,8.09608754934743e-05,0.008997826153770382,0.04023950546979904,0.03585981950163841
1269,20,0.0038356375880539417,8.217411959776655e-05,0.009064994186306274,0.04053988680243492,0.036167509853839874
1270,20,0.0034009511582553387,7.310062210308388e-05,0.008549890180761615,0.03823627158999443,0.034721218049526215
1271,20,0.003915862180292606,7.551924500148743e-05,0.0086901809533224,0.03886367008090019,0.03497236222028732
1272,20,0.0035765892826020718,6.998496246524155e-05,0.008365701552484499,0.037412554025650024,0.033513933420181274
1273,20,0.0035181932616978884,7.048314000712708e-05,0.00839542375387491,0.037545476108789444,0.03321028873324394
1274,20,0.003126100404188037,6.355710502248257e-05,0.00797227100784228,0.03565308079123497,0.031069336459040642
1275,20,0.0032696612179279327,6.425392348319292e-05,0.008015854507361827,0.035847991704940796,0.03180186077952385
1276,20,0.003590141888707876,6.230077269719914e-05,0.007893083852158112,0.035298943519592285,0.03114721179008484
1277,20,0.0032379734329879284,6.571524136234075e-05,0.0081064937773578,0.03625333681702614,0.03252622112631798
1278,20,0.0033651504199951887,5.7612596719991416e-05,0.00759029622083298,0.033944837749004364,0.02977258712053299
1279,20,0.0031667971052229404,5.9689780755434185e-05,0.007725916175796511,0.03455134853720665,0.02991330251097679
1280,20,0.003228639718145132,5.5292002798523754e-05,0.007435859250854857,0.03325417637825012,0.028516694903373718
1281,20,0.0031461636535823345,4.865053779212758e-05,0.00697499374853681,0.031193120405077934,0.026204250752925873
1282,20,0.0029878108762204647,4.843413989874534e-05,0.006959464052550695,0.03112366795539856,0.02632351964712143
1283,20,0.0029116100631654263,4.653190990211442e-05,0.0068214301947696,0.03050636313855648,0.02559834159910679
1284,20,0.003069027327001095,4.619044921128079e-05,0.006796355583051904,0.03039422631263733,0.025333940982818604
1285,20,0.003815170843154192,4.6822115109534934e-05,0.006842668712537158,0.030601345002651215,0.021954212337732315
1286,20,0.0027874652296304703,3.11480944219511e-05,0.005581047788896911,0.024959204718470573,0.01718726009130478
1287,20,0.003380224807187915,3.587746687117033e-05,0.00598978020224201,0.026787111535668373,0.019063882529735565
1288,20,0.002400166355073452,3.126879164483398e-05,0.005591850466959393,0.025007516145706177,0.01958981342613697
1289,20,0.003910214640200138,3.723450208781287e-05,0.006102008037344172,0.0272890105843544,0.019006969407200813
1290,20,0.0030161901377141476,3.693403414217755e-05,0.006077337751201389,0.027178680524230003,0.020163679495453835
1291,20,0.0026666265912353992,2.745874189713504e-05,0.00524010895851747,0.023434480652213097,0.016498740762472153
1292,20,0.002622381318360567,2.5068118702620268e-05,0.005006807236415265,0.022391121834516525,0.015656325966119766
1293,20,0.0025670169852674007,2.7094172764918767e-05,0.005205206313386508,0.023278389126062393,0.016086656600236893
1294,20,0.002464501652866602,2.756140565907117e-05,0.00524989577601986,0.023478247225284576,0.016807544976472855
1295,20,0.002546359784901142,2.5021397959790193e-05,0.005002139338302182,0.022370249032974243,0.01637153886258602
1296,20,0.00233861175365746,2.4759985535638407e-05,0.004975940668420234,0.02225308306515217,0.015929333865642548
1297,20,0.002538598608225584,2.381550075369887e-05,0.0048801127808380486,0.02182452753186226,0.01592700183391571
1298,20,0.002793065272271633,2.6530566174187697e-05,0.005150783064174582,0.023035001009702682,0.015686679631471634
1299,20,0.002338160527870059,2.5533972802804783e-05,0.005053115158276603,0.02259821631014347,0.015720389783382416
1300,20,0.0025282148271799088,2.4100303562590852e-05,0.004909206001237966,0.02195463702082634,0.014862424694001675
1301,20,0.002753488253802061,2.560562643338926e-05,0.005060200236491562,0.022629903629422188,0.015604300424456596
1302,20,0.002531542209908366,2.4342298274859786e-05,0.004933791470548769,0.022064587101340294,0.015510385856032372
1303,20,0.002593629527837038,2.6838319172384217e-05,0.005180571317179623,0.02316822111606598,0.016557252034544945
1304,20,0.002828785451129079,2.695831972232554e-05,0.005192140187083313,0.02321995608508587,0.01645691879093647
1305,20,0.002858208492398262,2.5536754037602805e-05,0.005053390350804379,0.022599447518587112,0.01522392500191927
1306,20,0.0024991848040372133,2.3621460059075616e-05,0.004860191360335065,0.021735437214374542,0.014941597357392311
1307,20,0.002513126702979207,2.1626743546221405e-05,0.004650456272907144,0.020797472447156906,0.014111008495092392
1308,20,0.002801721915602684,2.134186252078507e-05,0.004619725372875002,0.0206600409001112,0.013575656339526176
1309,20,0.002249904675409198,2.1948366338619962e-05,0.004684908359682179,0.020951546728610992,0.01441894005984068
1310,20,0.0024233348667621613,2.2296842871583067e-05,0.0047219532898561236,0.02111721783876419,0.014242061413824558
1311,20,0.0022988966666162014,2.1708494386984967e-05,0.004659237532792781,0.02083674445748329,0.014605904929339886
1312,20,0.004278810694813728,4.1974773921538144e-05,0.006478794171876287,0.028974048793315887,0.01799468882381916
1313,20,0.002289606723934412,2.063019564957358e-05,0.004542047517317887,0.020312653854489326,0.014753321185708046
1314,20,0.0022650365717709064,2.0831035726587288e-05,0.004564102948727963,0.020411288365721703,0.014960152097046375
1315,20,0.002715952694416046,2.36762389249634e-05,0.004865823560813051,0.021760623902082443,0.016662301495671272
1316,20,0.002401671139523387,2.1038680642959662e-05,0.0045867941574655015,0.020512767136096954,0.01417479570955038
1317,20,0.0022943776566535234,2.1817246306454763e-05,0.00467089352334805,0.02088887058198452,0.01531011238694191
1318,20,0.0028940585907548666,2.5966215616790578e-05,0.0050957056053887746,0.02278868854045868,0.01596055179834366
1319,20,0.002319035353139043,2.2221756807994097e-05,0.00471399584301833,0.021081630140542984,0.014849461615085602
1320,20,0.002400320256128907,2.0834311726503074e-05,0.004564461822219907,0.02041289396584034,0.013785242103040218
1321,20,0.0022722799330949783,2.3007887648418546e-05,0.0047966537970150136,0.02145128883421421,0.015428891405463219
1322,20,0.002375443233177066,2.1161918994039297e-05,0.0046002085815796765,0.020572757348418236,0.014568028971552849
1323,20,0.0024111976381391287,2.4779054001555778e-05,0.004977856366103363,0.02226164937019348,0.015972726047039032
1324,20,0.0026268998626619577,2.6361021809861995e-05,0.005134298570385442,0.02296128123998642,0.016440987586975098
1325,20,0.0023123575374484062,2.192669126088731e-05,0.00468259450100981,0.020941199734807014,0.01502344012260437
1326,20,0.0023649041540920734,2.192354077124037e-05,0.004682258084646805,0.020939694717526436,0.015134986490011215
1327,20,0.0027583111077547073,2.5212086256942712e-05,0.005021163834903489,0.022455327212810516,0.015753626823425293
1328,20,0.0028093792498111725,2.7148333174409345e-05,0.005210406238903963,0.02330164425075054,0.01646796055138111
1329,20,0.002492239698767662,2.46851359406719e-05,0.00496841382542476,0.022219421342015266,0.016615426167845726
1330,20,0.0025492666754871607,2.2506694222101942e-05,0.0047441220707420614,0.021216358989477158,0.015873122960329056
1331,20,0.002291332231834531,2.3940101527841762e-05,0.004892862304198,0.021881546825170517,0.015619313344359398
1332,20,0.003358893794938922,2.8320737328613177e-05,0.00532172315407455,0.0237994696944952,0.016732627525925636
1333,20,0.0025091744028031826,2.5142322556348518e-05,0.005014212057377362,0.022424237802624702,0.016502773389220238
1334,20,0.002369045512750745,2.6502821128815413e-05,0.005148089075454641,0.023022953420877457,0.017666805535554886
1335,20,0.0024827751331031322,2.5633646146161482e-05,0.005062968116249744,0.022642282769083977,0.019063584506511688
1336,20,0.0033104307949543,2.7317999411025085e-05,0.005226662358620947,0.023374345153570175,0.016466524451971054
1337,20,0.0027282522059977055,2.7052836230723187e-05,0.00520123410651003,0.023260626941919327,0.018771696835756302
1338,20,0.0036924504674971104,3.8300215237541124e-05,0.00618871676824373,0.027676783502101898,0.021081872284412384
1339,20,0.0024956674315035343,2.7316194973536767e-05,0.005226489737245905,0.023373572155833244,0.01869508996605873
1340,20,0.0022345047909766436,2.8449809178709984e-05,0.005333836253458666,0.023853641003370285,0.018668171018362045
1341,20,0.002523705130442977,2.8789643693016842e-05,0.005365598167307802,0.02399568445980549,0.01834426075220108
1342,20,0.002371783135458827,2.9076774808345363e-05,0.005392288457449709,0.024115046486258507,0.01930377446115017
1343,20,0.002493055071681738,3.2614356314297765e-05,0.005710898030458762,0.025539912283420563,0.021806327626109123
1344,20,0.0029635895043611526,3.964387360610999e-05,0.006296338110847446,0.028158077970147133,0.024190794676542282
1345,20,0.0028569947462528944,5.209329538047314e-05,0.007217568522741792,0.032277945429086685,0.029022086411714554
1346,20,0.003179954830557108,6.526779907289892e-05,0.00807884887053217,0.03612971305847168,0.03273441269993782
1347,20,0.004033238627016544,9.16232675081119e-05,0.009572004362102636,0.042807307094335556,0.039273738861083984
1348,20,0.004899672232568264,0.00011973604705417529,0.010942396769180657,0.04893588647246361,0.04487030208110809
1349,20,0.0035119776148349047,0.00010025173833128065,0.010012579004995699,0.04477761685848236,0.042371511459350586
1350,20,0.003760930150747299,0.00010362609464209527,0.01017969030187536,0.045524962246418,0.04314761236310005
1351,20,0.004074440337717533,0.00010519709758227691,0.010256563634194296,0.04586874693632126,0.04342702031135559
1352,20,0.004207241348922253,0.00011073904897784814,0.01052326227829793,0.047061461955308914,0.043955229222774506
1353,20,0.0039010681211948395,9.304581908509135e-05,0.009646026077359078,0.04313834011554718,0.04015100374817848
1354,20,0.0042899721302092075,9.26098509808071e-05,0.009623401216867512,0.043037157505750656,0.039846498519182205
1355,20,0.0041192201897501945,0.0001040707720676437,0.010201508323166908,0.045622531324625015,0.04237944632768631
1356,20,0.004712515976279974,9.244703687727451e-05,0.009614938214948368,0.04299930855631828,0.03738418221473694
1357,20,0.0046035004779696465,0.00011387311678845435,0.010671134746991735,0.04772276058793068,0.04569535702466965
1358,20,0.003951185382902622,0.0001086967095034197,0.01042577141047221,0.046625468879938126,0.04413868859410286
1359,20,0.004941620398312807,0.00011051244655391201,0.010512490026340669,0.047013286501169205,0.04281958192586899
1360,20,0.0040593924932181835,0.00010520111391087994,0.010256759425416975,0.0458696223795414,0.04325571283698082
1361,20,0.0038833566941320896,0.00010831256804522127,0.01040733241734986,0.04654300585389137,0.043301209807395935
1362,20,0.004407721571624279,0.00010175337956752628,0.010087288018467911,0.045111723244190216,0.041576553136110306
1363,20,0.004247336648404598,0.0001059464193531312,0.01029302770583715,0.04603181779384613,0.04247794672846794
1364,20,0.004403890576213598,0.00010241983545711264,0.010120268546689492,0.04525921866297722,0.041861891746520996
1365,20,0.004563099704682827,0.00010254306107526645,0.010126354777276296,0.04528643563389778,0.04089032858610153
1366,20,0.004366156179457903,9.719606896396726e-05,0.009858806670381932,0.044089920818805695,0.04009818285703659
1367,20,0.004267124924808741,0.00010156360076507553,0.010077876798466804,0.04506963491439819,0.04114851355552673
1368,20,0.004949291702359915,0.00011655009438982233,0.01079583690085314,0.04828044772148132,0.043943583965301514
1369,20,0.004157661460340023,9.516255522612482e-05,0.009755129687816807,0.04362626373767853,0.03985809162259102
1370,20,0.004617115017026663,9.7857482614927e-05,0.009892294102731024,0.04423968493938446,0.04032842442393303
1371,20,0.004681069403886795,0.000112135850940831,0.01058942165280196,0.047357331961393356,0.042569033801555634
1372,20,0.004630052484571934,0.00010146675776923075,0.010073070920490472,0.04504814371466637,0.04118403047323227
1373,20,0.004469853825867176,9.87793318927288e-05,0.009938779195289973,0.04444757103919983,0.04057787358760834
1374,20,0.004379622172564268,0.00011499873653519899,0.010723746385251703,0.047958049923181534,0.043902598321437836
1375,20,0.004367833957076073,0.00010723643936216831,0.010355502854143217,0.04631121829152107,0.04235865920782089
1376,20,0.004123495426028967,0.00010969037975883111,0.010473317514466517,0.046838100999593735,0.04323156923055649
1377,20,0.004514994565397501,0.00010694652883103117,0.01034149548329598,0.046248577535152435,0.0415179617702961
1378,20,0.004275859333574772,0.00010965552792185917,0.010471653542867963,0.04683065786957741,0.04352384805679321
1379,20,0.003942788578569889,0.00010030167322838679,0.0100150723027039,0.04478876292705536,0.04128919541835785
1380,20,0.004366200417280197,0.00011352702131262049,0.010654905973898619,0.04765018820762634,0.04505549743771553
1381,20,0.0046155136078596115,0.0001089994766516611,0.010440281445040698,0.046690359711647034,0.04234671965241432
1382,20,0.003986859228461981,9.191856224788353e-05,0.009587416870454916,0.0428762324154377,0.038883134722709656
1383,20,0.004646744579076767,0.00011795658792834729,0.01086078210481857,0.0485708974301815,0.04349707067012787
1384,20,0.00470370426774025,0.00012416209210641682,0.011142804499156252,0.04983213543891907,0.045519161969423294
1385,20,0.004184988792985678,0.00012007720215478912,0.01095797436366727,0.049005549401044846,0.04497084394097328
1386,20,0.004769147839397192,9.626559767639264e-05,0.009811503334168145,0.043878380209207535,0.039855554699897766
1387,20,0.005114593543112278,0.00010326576011721045,0.010161976191529403,0.04544574022293091,0.04070145636796951
1388,20,0.004770857281982899,0.00011223820911254734,0.010594253589212755,0.047378942370414734,0.04341183602809906
1389,20,0.004196719266474247,8.331006392836571e-05,0.009127434684968483,0.04081912711262703,0.03660596162080765
1390,20,0.0044654435478150845,0.00010561737872194499,0.010277031610438152,0.045960284769535065,0.04320264607667923
1391,20,0.004048873670399189,0.0001051071667461656,0.01025217863413263,0.045849137008190155,0.04268803820014
1392,20,0.005777823273092508,9.863120794761926e-05,0.009931324581727215,0.04441423341631889,0.03274558484554291
1393,20,0.004396902862936258,9.247070556739345e-05,0.009616168965206126,0.04300481453537941,0.03853272646665573
1394,20,0.003919768147170544,8.243280899478123e-05,0.00907925156578345,0.040603648871183395,0.03817927837371826
1395,20,0.004923428408801556,0.0001198514728457667,0.010947669745008144,0.04895946756005287,0.04268728196620941
1396,20,0.004762804601341486,9.891718946164474e-05,0.009945712114355852,0.04447857663035393,0.03961443156003952
1397,20,0.004229523241519928,0.00010515090252738446,0.010254311411664094,0.045858677476644516,0.04229415953159332
1398,20,0.00431931484490633,9.686227713245898e-05,0.00984186349897513,0.04401415213942528,0.04020213335752487
1399,20,0.004644278436899185,0.00010529519931878895,0.010261344907895306,0.04589013010263443,0.04194401204586029
1400,20,0.004577926360070705,0.000107517909782473,0.010369084327098174,0.046371955424547195,0.04121851548552513
1401,20,0.004165865946561098,9.43811028264463e-05,0.009714993712115634,0.043446775525808334,0.0397772416472435
1402,20,0.003808210836723447,0.00010075823229271919,0.010037840021275453,0.04489058628678322,0.04202980548143387
1403,20,0.004250247962772846,0.00010004608338931575,0.010002303904067091,0.044731661677360535,0.041013747453689575
1404,20,0.004771851003170013,0.00010862370254471898,0.010422269548650092,0.04660980775952339,0.0423588789999485
1405,20,0.004076014272868633,9.619764023227617e-05,0.009808039571304562,0.04386288672685623,0.040713053196668625
1406,20,0.003698974149301648,9.486697672400624e-05,0.009739968004259882,0.04355846345424652,0.04082651436328888
1407,20,0.004026380367577076,9.964039782062173e-05,0.009982003697686238,0.04464087635278702,0.04178560525178909
1408,20,0.004870925098657608,0.00011266725050518289,0.010614483054072059,0.04746941104531288,0.043333444744348526
1409,20,0.0035736628342419863,9.200720523949713e-05,0.009592038638344673,0.042896900326013565,0.039704181253910065
1410,20,0.004446081817150116,0.00010215566726401448,0.010107208678167008,0.045200809836387634,0.040544092655181885
1411,20,0.00437914626672864,0.00010058721818495542,0.010029317932190375,0.044852472841739655,0.04012942314147949
1412,20,0.0038880265783518553,9.709406731417403e-05,0.009853632188902426,0.04406678304076195,0.04085038974881172
1413,20,0.0035137287341058254,8.736014569876716e-05,0.009346664950599607,0.04179955646395683,0.038547977805137634
1414,20,0.004636047407984734,9.778440289665014e-05,0.009888599642853893,0.04422315955162048,0.0393882691860199
1415,20,0.00425603985786438,9.779434185475111e-05,0.009889102176373298,0.044225409626960754,0.040099527686834335
1416,20,0.004117773380130529,0.00010085474059451371,0.010042646095253667,0.044912077486515045,0.04115961864590645
1417,20,0.004353510215878487,0.00010262806608807296,0.010130551124596971,0.04530520364642143,0.041077181696891785
1418,20,0.00395851070061326,9.939841402228922e-05,0.009969875326316234,0.04458663612604141,0.04103191941976547
1419,20,0.0037597306072711945,9.552841220283881e-05,0.009773863729500162,0.043710045516490936,0.039728228002786636
1420,20,0.004089266061782837,0.0001023691293084994,0.010117763058527286,0.045248012989759445,0.040977731347084045
1421,20,0.003669150173664093,9.754064376465976e-05,0.009876266691653268,0.04416801035404205,0.040963634848594666
1422,20,0.0039681135676801205,9.713713370729238e-05,0.009855817252125386,0.04407655447721481,0.04034567251801491
1423,20,0.0038245082832872868,9.767598385224119e-05,0.009883116100311742,0.04419863969087601,0.04043911024928093
1424,20,0.003952604718506336,0.00010099890641868114,0.010049821213269475,0.044944167137145996,0.04029231518507004
1425,20,0.004454934969544411,0.00010550172009970993,0.010271403024889537,0.04593510925769806,0.04146916791796684
1426,20,0.0038321372121572495,9.071029489859939e-05,0.009524195236270589,0.04259349778294563,0.039611589163541794
1427,20,0.00419001467525959,9.095933637581766e-05,0.009537260422984037,0.04265192523598671,0.03895050287246704
1428,20,0.003886265680193901,9.34208874241449e-05,0.009665448123296968,0.04322519898414612,0.03914517164230347
1429,20,0.0037663590628653765,9.568528912495822e-05,0.009781885765278504,0.04374592378735542,0.040398623794317245
1430,20,0.004520266782492399,0.00010232803469989449,0.010115732039743565,0.0452389270067215,0.040918365120887756
1431,20,0.003930991981178522,9.601500642020255e-05,0.00979872473438266,0.04382122680544853,0.040318578481674194
1432,20,0.003607383696362376,9.266501729143783e-05,0.009626267048624708,0.043049976229667664,0.03993075340986252
1433,20,0.003946244716644287,0.00010230145562672988,0.010114418205054104,0.04523305222392082,0.04134858772158623
1434,20,0.004088195972144604,9.9299089924898e-05,0.00996489287071858,0.04456435516476631,0.03963955491781235
1435,20,0.0038203648291528225,9.360747935716063e-05,0.009675095831936788,0.043268345296382904,0.0394212082028389
1436,20,0.004148817155510187,0.00010596730135148391,0.010294042031752344,0.04603635519742966,0.0420578233897686
1437,20,0.00388263794593513,0.00010035637387773022,0.010017802846818769,0.044800978153944016,0.040998972952365875
1438,20,0.0040429094806313515,9.457365376874804e-05,0.009724898650821408,0.043491069227457047,0.039303965866565704
1439,20,0.004475196357816458,0.00010578018554951996,0.010284949467523891,0.045995693653821945,0.041140757501125336
1440,20,0.004131885711103678,0.00010353268589824438,0.010175101272137018,0.045504435896873474,0.04180808365345001
1441,20,0.003710361197590828,9.595301526132971e-05,0.009795560997785155,0.04380708187818527,0.04040825366973877
1442,20,0.004774192348122597,9.946287900675088e-05,0.00997310779079174,0.04460109397768974,0.03930548205971718
1443,20,0.0047569265589118,0.00010038439359050244,0.010019201245134387,0.04480723291635513,0.04024339094758034
1444,20,0.004598670639097691,8.960090053733438e-05,0.009465775221149844,0.042332231998443604,0.03789953887462616
1445,20,0.004736504051834345,0.00010246384044876322,0.010122442415186329,0.045268937945365906,0.04002217948436737
1446,20,0.004184093326330185,0.00010000578186009079,0.010000289088825921,0.044722650200128555,0.04046420380473137
1447,20,0.005623802542686462,0.00011910665489267558,0.010913599538771595,0.04880710318684578,0.043476127088069916
1448,20,0.00478267902508378,9.911002416629344e-05,0.009955401758155893,0.04452190548181534,0.04006953164935112
1449,20,0.003982178866863251,9.504899207968265e-05,0.009749307261528003,0.04360022768378258,0.04004169628024101
1450,20,0.00458102161064744,9.765231516212225e-05,0.009881918597222011,0.04419327899813652,0.03951393812894821
1451,20,0.0052798958495259285,0.00010376509453635663,0.010186515328430849,0.0455554835498333,0.03960096091032028
1452,20,0.004938739351928234,0.00010310200741514564,0.01015391586606594,0.04540969058871269,0.04064264893531799
1453,20,0.004339070059359074,9.910294465953484e-05,0.00995504619072834,0.04452031850814819,0.04134491831064224
1454,20,0.004404992796480656,9.688711725175381e-05,0.009843125380271949,0.04401979595422745,0.040463030338287354
1455,20,0.004119072575122118,9.917259740177542e-05,0.009958543939842582,0.044535961002111435,0.041078120470047
1456,20,0.004250514321029186,9.339747339254245e-05,0.009664236824113038,0.043219782412052155,0.03962939605116844
1457,20,0.004655918572098017,9.799711551750079e-05,0.009899349247172805,0.044271234422922134,0.04038400575518608
1458,20,0.00541912904009223,0.00010985322296619415,0.010481088825412852,0.04687285050749779,0.04132506996393204
1459,20,0.005399251356720924,0.00010751923400675878,0.0103691481813483,0.04637224227190018,0.042125411331653595
1460,20,0.004931559786200523,9.571933333063498e-05,0.009783625776297608,0.04375370591878891,0.039082251489162445
1461,20,0.004742851015180349,9.320858225692064e-05,0.009654459190287182,0.04317605495452881,0.03893403708934784
1462,20,0.005163899157196283,9.98091563815251e-05,0.009990453262065995,0.04467866197228432,0.03988611698150635
1463,20,0.00480455718934536,0.00010607053991407156,0.010299055292310628,0.0460587739944458,0.042713336646556854
1464,20,0.0051175677217543125,0.00010693814692785963,0.010341090219501019,0.046246759593486786,0.04115194454789162
1465,20,0.0044802152551710606,9.966290963348001e-05,0.009983131253944327,0.04464591667056084,0.040993042290210724
1466,20,0.005412781611084938,0.00011976957466686144,0.010943928666930421,0.04894273728132248,0.04467763006687164
1467,20,0.005794120486825705,0.00012445347965694964,0.011155871981021907,0.04989057406783104,0.039568111300468445
1468,20,0.004451770801097155,9.494814730715007e-05,0.009744133994724727,0.04357709363102913,0.04006121680140495
1469,20,0.003939727786928415,7.878495671320707e-05,0.008876089043785392,0.039695076644420624,0.03637390583753586
1470,20,0.004718489944934845,9.12797695491463e-05,0.00955404466962272,0.04272698611021042,0.036206021904945374
1471,20,0.0051673343405127525,0.00010882546484936029,0.01043194444240192,0.04665306955575943,0.04182274639606476
1472,20,0.005155276972800493,0.0001348756777588278,0.011613598828908625,0.051937591284513474,0.048072077333927155
1473,20,0.003870685352012515,0.00010094341996591538,0.010047060264869291,0.04493182152509689,0.04209083691239357
1474,20,0.0038705256301909685,9.750765457283705e-05,0.00987459642582101,0.04416053742170334,0.041106972843408585
1475,20,0.005135132931172848,0.00010909856064245105,0.010445025641062403,0.046711575239896774,0.0411607064306736
1476,20,0.0036521225702017546,9.703311661724001e-05,0.009850538899838933,0.04405295103788376,0.04114345461130142
1477,20,0.004586140159517527,9.8026568593923e-05,0.009900836762310699,0.04427788779139519,0.04014628753066063
1478,20,0.0044080340303480625,9.401408897247165e-05,0.009696086270886396,0.04336221516132355,0.03991195932030678
1479,20,0.003968825098127127,9.945374040398747e-05,0.009972649618029678,0.04459904506802559,0.041331324726343155
1480,20,0.004240789450705051,9.66980733210221e-05,0.009833517850750163,0.04397682845592499,0.040103621780872345
1481,20,0.00492363516241312,0.0001089630532078445,0.010438536928508923,0.046682555228471756,0.04223458096385002
1482,20,0.004262879025191069,0.00010128617577720433,0.01006410332703338,0.045008037239313126,0.04136411100625992
1483,20,0.004348199814558029,0.00010096072219312191,0.010047921287167904,0.044935669749975204,0.0410488024353981
1484,20,0.0046760691329836845,9.834906086325645e-05,0.009917109501425124,0.04435066133737564,0.040296606719493866
1485,20,0.005442916881293058,9.552837582305074e-05,0.009773861868424924,0.04371003806591034,0.03861566632986069
1486,20,0.004408443812280893,0.00010373941768193617,0.010185254914921676,0.045549843460321426,0.04219822585582733
1487,20,0.0038515515625476837,9.366602171212435e-05,0.009678120773793038,0.04328187182545662,0.04010531306266785
1488,20,0.003994341008365154,7.540928345406428e-05,0.008683851878864833,0.03883536905050278,0.03486497700214386
1489,20,0.004024877212941647,0.00010074888268718496,0.010037374292472357,0.04488850384950638,0.04181588441133499
1490,20,0.003749328199774027,7.91064157965593e-05,0.008894178758972596,0.03977597877383232,0.03710295259952545
1491,20,0.004131401889026165,0.00010401842882856727,0.010198942534820326,0.04561106115579605,0.041979871690273285
1492,20,0.0050034611485898495,0.00011043927224818617,0.010509009099253182,0.046997714787721634,0.04160813242197037
1493,20,0.0054265884682536125,0.00010031071724370122,0.010015523812746951,0.044790785759687424,0.038598693907260895
1494,20,0.004557121079415083,8.736697782296687e-05,0.009347030428053975,0.04180119186639786,0.03567921370267868
1495,20,0.0045949844643473625,0.00010390769602963701,0.010193512448103305,0.04558677226305008,0.03990597650408745
1496,20,0.00440659373998642,0.00010301217844244093,0.010149491536152978,0.04538990929722786,0.04008350893855095
1497,20,0.0045525687746703625,0.00011022195394616574,0.01049866438868134,0.046951454132795334,0.0394970178604126
1498,20,0.0054126279428601265,0.00012794698704965413,0.011311365392809752,0.05058596283197403,0.03887774795293808
1499,20,0.005676151253283024,0.0001357751461910084,0.01165225927410682,0.05211048573255539,0.03979787230491638
1500,20,0.005561959929764271,0.00014052452752366662,0.011854304177119239,0.053014058619737625,0.03959095850586891
1501,20,0.006735045462846756,0.0001882499345811084,0.013720420350015097,0.06135958433151245,0.04192019999027252
1502,20,0.005332215689122677,0.00016617993242107332,0.01289107956771167,0.05765066295862198,0.04085241258144379
1503,20,0.005554841831326485,0.00015926125342957675,0.012619875333361133,0.05643779784440994,0.041703008115291595
1504,20,0.0055646090768277645,0.00016264838632196188,0.012753367646310597,0.05703479424118996,0.040648072957992554
1505,20,0.005751064978539944,0.00017371776630170643,0.013180203575882522,0.05894366279244423,0.04114004597067833
1506,20,0.006182970013469458,0.0001771502720657736,0.013309781067537272,0.05952315032482147,0.04260970652103424
1507,20,0.006075823213905096,0.00018036863184534013,0.013430138936189013,0.06006140634417534,0.044748082756996155
1508,20,0.005709986202418804,0.00017783624934963882,0.013335525837012908,0.059638284146785736,0.04193151742219925
1509,20,0.0056026107631623745,0.00016003736527636647,0.012650587546685983,0.056575145572423935,0.03998297080397606
1510,20,0.005763189401477575,0.0001802101032808423,0.013424235668403707,0.06003500521183014,0.04273711517453194
1511,20,0.0055856285616755486,0.00016605376731604338,0.012886185134322856,0.05762877315282822,0.04034779965877533
1512,20,0.006613723933696747,0.00018630440172273666,0.01364933704334158,0.061041686683893204,0.04399591684341431
1513,20,0.00516351917758584,0.00017738268070388585,0.013318508951976789,0.059562183916568756,0.04198465868830681
1514,20,0.005377089139074087,0.0001731004740577191,0.013156765334143462,0.05883884057402611,0.041951585561037064
1515,20,0.005313684232532978,0.00016718781262170523,0.012930112629892488,0.05782522261142731,0.040223218500614166
1516,20,0.004844881594181061,0.00016572883760090917,0.012873571283871045,0.05757236108183861,0.04057779535651207
1517,20,0.005208206828683615,0.000163064687512815,0.012769678442028797,0.05710773915052414,0.040029872208833694
1518,20,0.00568463746458292,0.00016544364916626364,0.012862490006459233,0.05752280354499817,0.040321268141269684
1519,20,0.005886506289243698,0.00017430834122933447,0.013202588429142768,0.0590437687933445,0.04115761071443558
1520,20,0.005663930904120207,0.00017067769658751786,0.013064367439241666,0.058425627648830414,0.04094930365681648
1521,20,0.0060852873139083385,0.00017822561494540423,0.013350116664112123,0.059703536331653595,0.042869165539741516
1522,20,0.0065266452729702,0.00018546401406638324,0.013618517322615676,0.06090385839343071,0.04215981066226959
1523,20,0.005806645844131708,0.00018353064660914242,0.013547348323902446,0.06058558076620102,0.04396716505289078
1524,20,0.005483916960656643,0.00016943442460615188,0.013016697914838152,0.058212440460920334,0.04126610979437828
1525,20,0.005390511825680733,0.00017062538245227188,0.013062365117093914,0.05841667577624321,0.04110274463891983
1526,20,0.006092504132539034,0.00017191693768836558,0.013111709945249917,0.0586373470723629,0.040623947978019714
1527,20,0.005361258052289486,0.00018489589274395257,0.013597642911326676,0.060810502618551254,0.044453367590904236
1528,20,0.005482725333422422,0.0001637651294004172,0.012797075033007239,0.05723026022315025,0.040373295545578
1529,20,0.005919856019318104,0.00018379608809482306,0.013557141590129648,0.060629379004240036,0.04354957491159439
1530,20,0.005474030505865812,0.00015784594870638102,0.012563675764137701,0.05618646368384361,0.03920753300189972
1531,20,0.005168282892554998,0.00016070317360572517,0.012676875545879795,0.056692708283662796,0.04069012030959129
1532,20,0.00593864219263196,0.0001881251228041947,0.013715871201064652,0.06133924052119255,0.04465407878160477
1533,20,0.005025363527238369,0.00016096184845082462,0.012687074069730365,0.05673832446336746,0.04098423570394516
1534,20,0.005452987737953663,0.00017261470202356577,0.013138291442328632,0.05875622481107712,0.041502490639686584
1535,20,0.005042244214564562,0.00016252091154456139,0.01274836897585575,0.05701243877410889,0.04006873816251755
1536,20,0.004904133267700672,0.00016482692444697022,0.012838493854302779,0.057415492832660675,0.04048901051282883
1537,20,0.005144023802131414,0.00016982950910460204,0.013031865142971747,0.05828027427196503,0.04357919842004776
1538,20,0.005518049001693726,0.00015504643670283258,0.012451764401193615,0.05568598583340645,0.04094018414616585
1539,20,0.0046178000047802925,0.00015260919462889433,0.012353509405383328,0.05524657294154167,0.04004235565662384
1540,20,0.0050262934528291225,0.00016797741409391165,0.012960610097287537,0.057961609214544296,0.04171576350927353
1541,20,0.0051032621413469315,0.00016256542585324496,0.012750114738826665,0.05702024698257446,0.04257822781801224
1542,20,0.005545168183743954,0.00016723659064155072,0.0129319987102362,0.057833656668663025,0.040757134556770325
1543,20,0.004998047836124897,0.0001721828302834183,0.01312184553648679,0.058682676404714584,0.04147128015756607
1544,20,0.0048193903639912605,0.00015244411770254374,0.012346826219824419,0.05521668493747711,0.04062860086560249
1545,20,0.005012819077819586,0.00015850864292588085,0.01259002156177188,0.056304290890693665,0.039700038731098175
1546,20,0.0056793177500367165,0.00018171271949540824,0.0134800860344216,0.060284778475761414,0.046722766011953354
1547,20,0.0068929255940020084,0.00021095862030051649,0.01452441462849765,0.06495516002178192,0.048733700066804886
1548,20,0.004815415944904089,0.00016211603360716254,0.01273247947601576,0.05694137513637543,0.04077550023794174
1549,20,0.005313293542712927,0.00017041494720615447,0.013054307611135662,0.05838064104318619,0.04159253090620041
1550,20,0.004744742065668106,0.00016260967822745442,0.012751849992352264,0.05702800676226616,0.04087052494287491
1551,20,0.0050895363092422485,0.00016120080545078963,0.012696487917955485,0.05678042024374008,0.041507843881845474
1552,20,0.004558001644909382,0.00016693261568434536,0.012920240542820607,0.057781074196100235,0.04165028780698776
1553,20,0.005793123040348291,0.00014327818644233048,0.011969886651189747,0.05353096127510071,0.037217408418655396
1554,20,0.005318040959537029,0.00016109507123474032,0.012692323319027936,0.05676179379224777,0.04038852080702782
1555,20,0.007136066909879446,0.000195720509509556,0.01399001463578777,0.06256524473428726,0.04598047956824303
1556,20,0.005552088841795921,0.00017188946367241442,0.013110662213344313,0.058632660657167435,0.04097489267587662
1557,20,0.005107474979013205,0.00016822235193103552,0.012970055972548288,0.058003854006528854,0.042552001774311066
1558,20,0.005058149341493845,0.0001721082953736186,0.013119005121335178,0.05866997689008713,0.04323390871286392
1559,20,0.005193193443119526,0.00015145842917263508,0.012306844809805439,0.055037882179021835,0.040082432329654694
1560,20,0.005439882166683674,0.00016220007091760635,0.012735779164134653,0.05695613473653793,0.0417092926800251
1561,20,0.005190802272409201,0.00016642225091345608,0.012900474832867824,0.05769267678260803,0.042122628539800644
1562,20,0.004728601314127445,0.00015549692034255713,0.012469840429715095,0.05576682090759277,0.03999166563153267
1563,20,0.005066702142357826,0.00018441819702275097,0.013580066164152183,0.06073189899325371,0.042937204241752625
1564,20,0.00490655517205596,0.0001595489156898111,0.012631267382563443,0.05648874491453171,0.04056103900074959
1565,20,0.005446412600576878,0.00018301331147085875,0.013528241255642167,0.0605001300573349,0.04264712333679199
1566,20,0.0052796886302530766,0.000171160078025423,0.013082816135122553,0.05850813165307045,0.04164129123091698
1567,20,0.0057911635376513,0.00016075631720013916,0.01267897145671285,0.056702084839344025,0.04005619138479233
1568,20,0.005722588859498501,0.00018187265959568322,0.013486017188024165,0.06031130254268646,0.0432906411588192
1569,20,0.004781212657690048,0.00016814013360999525,0.012966886041374592,0.05798967555165291,0.041050661355257034
1570,20,0.005334971938282251,0.00016680271073710173,0.012915212376771113,0.05775858089327812,0.04215718060731888
1571,20,0.006785587873309851,0.0001771379611454904,0.013309318583063914,0.05952107906341553,0.042989686131477356
1572,20,0.00498239416629076,0.0001582866534590721,0.012581202385267956,0.05626484751701355,0.04072552174329758
1573,20,0.0048451172187924385,0.00016190556925721467,0.012724211930693965,0.05690440535545349,0.04085668921470642
1574,20,0.004622598644345999,0.00016016059089452028,0.012655456961110503,0.05659692361950874,0.0420183502137661
1575,20,0.0050340681336820126,0.00016789165965747088,0.012957301403358297,0.057946812361478806,0.040906935930252075
1576,20,0.004627005662769079,0.00015575792349409312,0.012480301418399042,0.05581360682845116,0.03943784534931183
1577,20,0.00492990855127573,0.0001679157285252586,0.012958230146330116,0.05795096606016159,0.040709808468818665
1578,20,0.005577700678259134,0.00018109504890162498,0.013457156048052091,0.06018223240971565,0.0437823124229908
1579,20,0.005295713897794485,0.0001638233952689916,0.012799351361260132,0.05724043771624565,0.04089359566569328
1580,20,0.005271133966743946,0.00017399982607457787,0.013190899365645159,0.05899149551987648,0.04230519011616707
1581,20,0.00550641305744648,0.00017724018834996969,0.013313158466343353,0.05953825265169144,0.0433824323117733
1582,20,0.006823753006756306,0.0001779484882717952,0.013339733440807399,0.059657104313373566,0.041605666279792786
1583,20,0.004808403551578522,0.00016720150597393513,0.012930642133085856,0.05782758817076683,0.041674669831991196
1584,20,0.0051906839944422245,0.0001867228129412979,0.013664655610050987,0.06111019477248192,0.043523337692022324
1585,20,0.0050939046777784824,0.0001492188748670742,0.01221551778956071,0.054629456251859665,0.03932559862732887
1586,20,0.004790488630533218,0.00016976222104858607,0.013029283213154363,0.058268725872039795,0.04189571365714073
1587,20,0.0049404362216591835,0.00016933500592131168,0.013012878464095162,0.058195360004901886,0.04229974374175072
1588,20,0.0045758504420518875,0.00016757685807533562,0.012945148051503144,0.057892464101314545,0.040997203439474106
1589,20,0.004713412374258041,0.00014938318054191768,0.01222224122417479,0.05465952679514885,0.03914752975106239
1590,20,0.004743955098092556,0.00016949386917985976,0.013018981111433405,0.05822265148162842,0.0413811095058918
1591,20,0.005028949119150639,0.00017799546185415238,0.013341493988836196,0.059664975851774216,0.043507833033800125
1592,20,0.005233987234532833,0.00017755264707375318,0.013324888257458416,0.05959071218967438,0.043589141219854355
1593,20,0.00596537534147501,0.00021595231373794377,0.014695316047569164,0.06571944802999496,0.04968840628862381
1594,20,0.005887376610189676,0.00016666024748701602,0.012909695871205332,0.057733915746212006,0.041125573217868805
1595,20,0.005939898546785116,0.00017745494551490992,0.013321221622468035,0.05957431346178055,0.043536558747291565
1596,20,0.00525119761005044,0.00017005301197059453,0.01304043756821812,0.0583186075091362,0.04259444400668144
1597,20,0.005146552808582783,0.00017301205662079155,0.013153404753933165,0.05882381275296211,0.04195266216993332
1598,20,0.004933240823447704,0.00017942274280358106,0.013394877483709251,0.05990371108055115,0.042579710483551025
1599,20,0.00503975385800004,0.00017520587425678968,0.013236535583633267,0.059195585548877716,0.042036399245262146
1600,20,0.005263533443212509,0.00017577045946381986,0.01325784520439954,0.05929088592529297,0.04175218939781189
1601,20,0.0048891338519752026,0.00017642477178014815,0.01328249870243352,0.05940113961696625,0.04239210486412048
1602,20,0.005164739675819874,0.00017675386334303766,0.01329488109548324,0.059456516057252884,0.04246516153216362
1603,20,0.00481322780251503,0.0001594533387105912,0.012627483467048816,0.056471824645996094,0.040015824139118195
1604,20,0.005052199121564627,0.00017397427291143686,0.01318993073944806,0.05898715928196907,0.042333126068115234
1605,20,0.004873582161962986,0.00016722526925150305,0.012931560975052589,0.057831697165966034,0.04121434688568115
1606,20,0.00516547542065382,0.00018124838243238628,0.013462851942749213,0.060207705944776535,0.04268508031964302
1607,20,0.005011097528040409,0.00018361175898462534,0.013550341655641947,0.06059896945953369,0.04412922263145447
1608,20,0.004913157783448696,0.0001707531773718074,0.013067255923559751,0.05843854695558548,0.04236434027552605
1609,20,0.005687578581273556,0.00019555652397684753,0.013984152601314373,0.06253903359174728,0.043923888355493546
1610,20,0.005490454845130444,0.00018863577861338854,0.013734474093076463,0.0614224337041378,0.04423561692237854
1611,20,0.005756344646215439,0.00019753383821807802,0.014054673180763685,0.06285440921783447,0.044077787548303604
1612,20,0.006137255113571882,0.0001864707883214578,0.013655430726324885,0.06106894463300705,0.04291421175003052
1613,20,0.004719322547316551,0.0001715219405014068,0.013096638519154706,0.05856994539499283,0.04261066019535065
1614,20,0.005394222680479288,0.0001793306291801855,0.01339143865236986,0.059888336807489395,0.042198944836854935
1615,20,0.00575835257768631,0.0001950186851900071,0.013964909064867092,0.06245297193527222,0.04486861452460289
1616,20,0.005150036420673132,0.0001853296416811645,0.013613582984694533,0.06088179349899292,0.0432128980755806
1617,20,0.0052871303632855415,0.00017909736197907478,0.013382726253610465,0.059849370270967484,0.042246248573064804
1618,20,0.006051934324204922,0.0001851577835623175,0.013607269511636693,0.06085355952382088,0.04312264174222946
1619,20,0.0051557281985878944,0.00017150735948234797,0.013096081837036143,0.058567456901073456,0.042466819286346436
1620,20,0.004823467694222927,0.0001699132553767413,0.013035077881498878,0.058294642716646194,0.041672807186841965
1621,20,0.005738719366490841,0.00017600264982320368,0.01326659903001533,0.059330035001039505,0.04168336093425751
1622,20,0.0053136833012104034,0.000173959881067276,0.013189385166385733,0.058984722942113876,0.0427173413336277
1623,20,0.005341360345482826,0.00017741652845870703,0.013319779594974799,0.05956786498427391,0.04215289652347565
1624,20,0.004704026039689779,0.00016268556646537036,0.012754825222846856,0.057041313499212265,0.04202091693878174
1625,20,0.00529585313051939,0.00017763953655958176,0.0133281482794716,0.05960529297590256,0.042825765907764435
1626,20,0.004843338392674923,0.00016695773229002953,0.012921212493029806,0.05778541788458824,0.04124628007411957
1627,20,0.0044199698604643345,0.0001691781508270651,0.013006850150096491,0.058168403804302216,0.04151337221264839
1628,20,0.005720127373933792,0.00016076814790721983,0.012679437996505201,0.056704167276620865,0.03989172726869583
1629,20,0.0045044138096272945,0.00016669627802912146,0.012911091279559658,0.05774015560746193,0.041468165814876556
1630,20,0.004575609229505062,0.0001658790570218116,0.012879404373720534,0.05759844556450844,0.0417000874876976
1631,20,0.005008181091398001,0.00017648865468800068,0.01328490326227484,0.05941189453005791,0.042521655559539795
1632,20,0.005594514310359955,0.00018408514733891934,0.013567798175788116,0.06067703664302826,0.04379764199256897
1633,20,0.004953261464834213,0.00017388883861713111,0.013186691723746754,0.05897267907857895,0.04214504361152649
1634,20,0.004560545086860657,0.0001708701893221587,0.013071732452974957,0.058458566665649414,0.041341982781887054
1635,20,0.004951127804815769,0.00016415987920481712,0.012812489188476106,0.05729919299483299,0.041515156626701355
1636,20,0.005155791994184256,0.00017047465371433645,0.013056594261687711,0.05839085951447487,0.04260597005486488
1637,20,0.004379563964903355,0.0001660053530940786,0.012884306465389536,0.057620372623205185,0.04081292077898979
1638,20,0.004826059099286795,0.0001655847590882331,0.01286797416411119,0.05754733085632324,0.04088520258665085
1639,20,0.004865211900323629,0.00017075252253562212,0.013067230867158585,0.05843843147158623,0.04268179088830948
1640,20,0.004909827373921871,0.0001775055134203285,0.01332311950784532,0.05958280339837074,0.042728934437036514
1641,20,0.005061256233602762,0.0001744735345710069,0.013208843044377767,0.05907174199819565,0.04363255202770233
1642,20,0.004531114362180233,0.00017073781054932624,0.01306666792067994,0.058435916900634766,0.04142868518829346
1643,20,0.004732304718345404,0.000172421830939129,0.013130949354069148,0.058723390102386475,0.04161940515041351
1644,20,0.0050833760760724545,0.00017825474787969142,0.013351207731126477,0.05970841646194458,0.04218294471502304
1645,20,0.0051805065013468266,0.00018065146286971867,0.013440664524855855,0.060108479112386703,0.043046772480010986
1646,20,0.004589438438415527,0.0001710382493911311,0.013078159250870556,0.05848730355501175,0.04271901398897171
1647,20,0.004444110207259655,0.00017094923532567918,0.01307475565070641,0.05847208574414253,0.04165797680616379
1648,20,0.004973609931766987,0.00018456003454048187,0.013585287429439315,0.060755252838134766,0.04321839660406113
1649,20,0.004466995596885681,0.00016939864144660532,0.01301532333238807,0.05820629373192787,0.04117560014128685
1650,20,0.005266598425805569,0.00017467435100115836,0.013216442448751416,0.059105727821588516,0.043517060577869415
1651,20,0.00558464415371418,0.0001741390733513981,0.013196176467121002,0.059015098959207535,0.044436581432819366
1652,20,0.0048076435923576355,0.0001620403490960598,0.012729507024863916,0.056928087025880814,0.04200172424316406
1653,20,0.004528344608843327,0.0001693719532340765,0.013014298030784315,0.058201711624860764,0.04158077389001846
1654,20,0.0053023239597678185,0.00016689978656359017,0.01291897002719606,0.05777538940310478,0.04087042808532715
1655,20,0.004433264024555683,0.00016781063459347934,0.01295417440802305,0.05793283134698868,0.041245605796575546
1656,20,0.004679610952734947,0.00017331170965917408,0.013164790528495852,0.05887473374605179,0.041717663407325745
1657,20,0.005169495940208435,0.00017416167247574776,0.013197032714809332,0.059018924832344055,0.04224226251244545
1658,20,0.004755466245114803,0.00017245889466721565,0.013132360590054465,0.05872970074415207,0.041793737560510635
1659,20,0.00527447322383523,0.0001701167057035491,0.01304287950199453,0.05832953006029129,0.041223879903554916
1660,20,0.006574496626853943,0.0001767303328961134,0.013293996122164073,0.05945255979895592,0.041999317705631256
1661,20,0.005245679058134556,0.0001637652749195695,0.012797080718647104,0.057230282574892044,0.04085853695869446
1662,20,0.004987833555787802,0.00016073955339379609,0.012678310352479785,0.056699126958847046,0.04065686836838722
1663,20,0.004678213037550449,0.00015987828373908997,0.01264429846765292,0.056547023355960846,0.04042138531804085
1664,20,0.004519376903772354,0.0001669308840064332,0.012920173528495397,0.05778077244758606,0.0411335751414299
1665,20,0.004988509230315685,0.00015587826783303171,0.012485121858958033,0.05583516135811806,0.040321383625268936
1666,20,0.005420149769634008,0.00018775045464280993,0.013702206196186435,0.06127813085913658,0.0443151593208313
1667,20,0.005007522646337748,0.00016785241314209998,0.012955786859241702,0.0579400397837162,0.04101235419511795
1668,20,0.005423035938292742,0.0001691878860583529,0.013007224379488227,0.05817008018493652,0.04108262062072754
1669,20,0.005342123098671436,0.00016852743283379823,0.012981811616018708,0.05805642530322075,0.04111942648887634
1670,20,0.005293699447065592,0.0001688386546447873,0.012993792927578433,0.05811000615358353,0.04249335825443268
1671,20,0.0049759866669774055,0.00017201546870637685,0.013115466774246994,0.05865415185689926,0.04227806255221367
1672,20,0.0066798352636396885,0.00020497466903179884,0.014316936440167597,0.06402728706598282,0.04451043903827667
1673,20,0.005017553456127644,0.00015816441737115383,0.012576343561272244,0.05624311789870262,0.04024317115545273
1674,20,0.005284217186272144,0.00017159072740469128,0.013099264384105363,0.05858169123530388,0.04176873341202736
1675,20,0.004833643324673176,0.00016714283265173435,0.012928373163385035,0.05781744420528412,0.04263681918382645
1676,20,0.006146652158349752,0.00016452862473670393,0.012826871198258129,0.057363513857126236,0.03917321935296059
1677,20,0.005791111849248409,0.00018627289682626724,0.013648182912983958,0.06103653088212013,0.04305937886238098
1678,20,0.005157203413546085,0.00017574332014191896,0.013256821645549846,0.05928630754351616,0.04216970503330231
1679,20,0.005530389957129955,0.00017772565479390323,0.013331378578147994,0.059619735926389694,0.042272597551345825
1680,20,0.005640736315399408,0.00017375238530803472,0.013181516806044543,0.058949533849954605,0.04108460247516632
1681,20,0.005904098507016897,0.00016099945059977472,0.012688555891029315,0.05674494802951813,0.039466001093387604
1682,20,0.005463808309286833,0.0001809783570934087,0.013452819670738499,0.06016283854842186,0.04494435340166092
1683,20,0.0055971527472138405,0.0001765754568623379,0.013288169808605619,0.059426501393318176,0.042283691465854645
1684,20,0.00542488181963563,0.00015517452266067266,0.012456906624867694,0.055708978325128555,0.04048144444823265
1685,20,0.005382890813052654,0.00018340481619816273,0.013542703430193054,0.060564808547496796,0.04251488298177719
1686,20,0.005855875555425882,0.00017463709809817374,0.013215033034320185,0.05909942463040352,0.04140230640769005
1687,20,0.005848871078342199,0.0001712554512778297,0.013086460609264435,0.05852442979812622,0.04180300980806351
1688,20,0.005635203327983618,0.00017374564777128398,0.01318126123598512,0.05894839018583298,0.04391325265169144
1689,20,0.005511529743671417,0.0001648952893447131,0.012841156075085805,0.05742739886045456,0.04008254036307335
1690,20,0.005549489054828882,0.00018489306967239827,0.013597539103543636,0.06081004440784454,0.044649429619312286
1691,20,0.005708192475140095,0.00015755495405755937,0.012552089629123884,0.056134648621082306,0.04105021432042122
1692,20,0.005297066643834114,0.00016262519056908786,0.012752458216716018,0.057030726224184036,0.04045924171805382
1693,20,0.0055714016780257225,0.0001631636405363679,0.012773552385157698,0.057125065475702286,0.040035609155893326
1694,20,0.00603664293885231,0.00019175693159922957,0.01384763270740633,0.06192849949002266,0.04507140815258026
1695,20,0.008190815337002277,0.0002632125106174499,0.0162238254002393,0.07255515456199646,0.050317004323005676
1696,20,0.0067883566953241825,0.00019959248311351985,0.014127720379223246,0.0631810873746872,0.04407732933759689
1697,20,0.005528243724256754,0.00016759145364630967,0.012945711786005036,0.057894982397556305,0.043164677917957306
1698,20,0.0054140714928507805,0.00016991805750876665,0.013035262080555445,0.058295466005802155,0.04163844510912895
1699,20,0.005950935650616884,0.00015702855307608843,0.012531103426118883,0.056040797382593155,0.040356941521167755
1700,20,0.005614908877760172,0.0001656484673731029,0.012870449385048796,0.05755839869379997,0.040189024060964584
1701,20,0.005154556129127741,0.00016389002848882228,0.012801954088685926,0.057252079248428345,0.04159440100193024
1702,20,0.0051534296944737434,0.0001669089833740145,0.012919325964384307,0.057776980102062225,0.04107688367366791
1703,20,0.005826388485729694,0.0001793245755834505,0.013391212625578406,0.059887323528528214,0.04214486479759216
1704,20,0.005709989462047815,0.00016881301417015493,0.012992806246925833,0.05810559540987015,0.04226895049214363
1705,20,0.006417916622012854,0.0001753624528646469,0.01324244889983144,0.0592220313847065,0.04306725412607193
1706,20,0.00625696312636137,0.00017289762035943568,0.013149053972032957,0.058804359287023544,0.04124883934855461
1707,20,0.006342687644064426,0.00017433702305424958,0.013203674604224749,0.05904863029718399,0.04255232214927673
1708,20,0.0060879988595843315,0.00017585672321729362,0.013261098115061725,0.05930543318390846,0.04179125279188156
1709,20,0.006069909781217575,0.00016820302698761225,0.01296931096811285,0.05800052359700203,0.04022187367081642
1710,20,0.0063268691301345825,0.00018574745627120137,0.013628919849760706,0.0609503835439682,0.04203318431973457
1711,20,0.00609787181019783,0.0001707722112769261,0.013067984208627056,0.05844179913401604,0.04067733883857727
1712,20,0.005584264639765024,0.00014687105431221426,0.012119036855798989,0.05419797822833061,0.03812494874000549
1713,20,0.005852351896464825,0.00017649910296313465,0.013285296495115744,0.05941364914178848,0.04457216337323189
1714,20,0.005795319098979235,0.00014783938240725547,0.012158921926192941,0.054376352578401566,0.037797801196575165
1715,20,0.006225847639143467,0.00015270369476638734,0.012357333643079617,0.05526367574930191,0.03936949744820595
1716,20,0.006499116308987141,0.00013258730177767575,0.01151465595567995,0.051495105028152466,0.03562500700354576
1717,20,0.006969631649553776,0.00020484757260419428,0.014312497077875484,0.06400743871927261,0.046662867069244385
1718,20,0.007933146320283413,0.0002302532084286213,0.015174096626442752,0.06786062568426132,0.04681609198451042
1719,20,0.006920567713677883,0.00020080801914446056,0.014170674618537417,0.06337318569421768,0.044240906834602356
1720,20,0.005487652495503426,0.00016749488713685423,0.01294198157690136,0.057878296822309494,0.040669724345207214
1721,20,0.005174913909286261,0.0001686396572040394,0.012986133266066516,0.05807575210928917,0.04115863889455795
1722,20,0.0050081126391887665,0.00017094094073399901,0.013074438448132256,0.05847066640853882,0.041580189019441605
1723,20,0.005650875624269247,0.0001604110875632614,0.012665349879228027,0.056641168892383575,0.03939998522400856
1724,20,0.005012153182178736,0.00017264761845581234,0.013139544073361615,0.0587618313729763,0.04188787564635277
1725,20,0.005202282220125198,0.00017468332953285426,0.013216782117174145,0.05910724774003029,0.04202355071902275
1726,20,0.004964048508554697,0.00017453152395319194,0.01321103795896416,0.059081558138132095,0.04214315488934517
1727,20,0.004822818096727133,0.0001676571846473962,0.012948250254277456,0.05790633335709572,0.04102929309010506
1728,20,0.005264210514724255,0.00018570768588688225,0.013627460727768848,0.060943856835365295,0.04309898987412453
1729,20,0.005136755295097828,0.00017551847849972546,0.013248338707163456,0.05924837663769722,0.04320160299539566
1730,20,0.005593813024461269,0.0001800024474505335,0.013416499075784767,0.06000040844082832,0.042269401252269745
1731,20,0.005085913930088282,0.00017406785627827048,0.013193477793147283,0.05900302529335022,0.04306187480688095
1732,20,0.005468650721013546,0.00020101228437852114,0.014177880108765244,0.06340540945529938,0.045277900993824005
1733,20,0.004904457833617926,0.00017841339285951108,0.013357147631867782,0.05973498150706291,0.04224804788827896
1734,20,0.006532706320285797,0.00020021162345074117,0.014149615664417928,0.06327900290489197,0.04567694664001465
1735,20,0.005799629259854555,0.00017738570750225335,0.013318622582769337,0.05956269055604935,0.04402357339859009
1736,20,0.005510153714567423,0.00017608788039069623,0.013269810864918016,0.059344399720430374,0.04275045916438103
1737,20,0.004908237140625715,0.0001755152188707143,0.013248215686299582,0.05924782156944275,0.04204263538122177
1738,20,0.005803304724395275,0.00018722091044764966,0.013682869233009926,0.06119165197014809,0.04386630654335022
1739,20,0.004768067505210638,0.00017501057300250977,0.013229156171219303,0.05916258692741394,0.041843265295028687
1740,20,0.004818648099899292,0.00017787380784284323,0.01333693397460013,0.059644583612680435,0.04316239804029465
1741,20,0.005583194084465504,0.00016613655316177756,0.012889396927776627,0.057643137872219086,0.04178706929087639
1742,20,0.005094061605632305,0.00017518119420856237,0.013235603280869458,0.05919141694903374,0.04231152683496475
1743,20,0.004688947927206755,0.00017363675578963012,0.01317713002856199,0.058929916471242905,0.041700467467308044
1744,20,0.005095892585813999,0.00016869872342795134,0.012988407270637587,0.05808592215180397,0.04140160232782364
1745,20,0.004742455668747425,0.00017691231914795935,0.013300839039247087,0.05948316305875778,0.0419837161898613
1746,20,0.005460045300424099,0.0001753120159264654,0.013240544396907002,0.05921351537108421,0.04325919598340988
1747,20,0.005349879153072834,0.00016990117728710175,0.01303461458145586,0.05829256772994995,0.04098941758275032
1748,20,0.005155971739441156,0.00018342897237744182,0.013543595253013204,0.06056880205869675,0.043493859469890594
1749,20,0.0051729315891861916,0.0001716559345368296,0.013101753109291504,0.058592818677425385,0.043163616210222244
1750,20,0.006161483470350504,0.0001732800155878067,0.013163586729604007,0.05886935070157051,0.042534247040748596
1751,20,0.005316041875630617,0.00016190628230106086,0.012724239949838295,0.05690453201532364,0.04181501269340515
1752,20,0.006003084592521191,0.00019687056192196906,0.014031057049344823,0.06274878978729248,0.04530908167362213
1753,20,0.006380801554769278,0.00021238837507553399,0.014573550530860143,0.065174899995327,0.045518819242715836
1754,20,0.005025664810091257,0.00017268958617933095,0.013141140977073907,0.058768969029188156,0.041815660893917084
1755,20,0.005570367909967899,0.0001783091138349846,0.013353243569821701,0.05971752107143402,0.04466643184423447
1756,20,0.005111727397888899,0.00018066380289383233,0.013441123572597356,0.060110531747341156,0.043494969606399536
1757,20,0.005313749425113201,0.0001768483780324459,0.013298435172321814,0.05947241187095642,0.0426352359354496
1758,20,0.005039468873292208,0.00015978162991814315,0.012640475858057844,0.056529924273490906,0.039822399616241455
1759,20,0.005045770201832056,0.00017947872402146459,0.013396966970977595,0.05991305783390999,0.042711447924375534
1760,20,0.005478430539369583,0.00017632916569709778,0.013278899265266597,0.05938504636287689,0.04174468666315079
1761,20,0.005201205611228943,0.00018049981736112386,0.013435022045427535,0.06008324772119522,0.042815372347831726
1762,20,0.005701182875782251,0.0001935764739755541,0.013913176271993183,0.06222161278128624,0.045030493289232254
1763,20,0.005100988782942295,0.00017533583741169423,0.013241443932279223,0.05921753868460655,0.04173925518989563
1764,20,0.006052813492715359,0.00016180588863790035,0.012720294361291344,0.056886885315179825,0.03916240110993385
1765,20,0.006130303256213665,0.0001757872523739934,0.013258478509014276,0.0592937171459198,0.04267183691263199
1766,20,0.005846239626407623,0.00019642834377009422,0.014015289642747102,0.0626782774925232,0.04408476501703262
1767,20,0.005949833430349827,0.00018714761245064437,0.013680190512220376,0.06117967143654823,0.04280627518892288
1768,20,0.006092054303735495,0.00018734233162831515,0.013687305491889745,0.061211492866277695,0.04383490979671478
1769,20,0.004901705775409937,0.0001674104278208688,0.012938718167611071,0.05786370486021042,0.040969375520944595
1770,20,0.004581478890031576,0.0001642020943108946,0.012814136502741595,0.05730656161904335,0.04133796691894531
1771,20,0.005291392095386982,0.0001861419586930424,0.013643385162526285,0.06101507321000099,0.043622419238090515
1772,20,0.004989206790924072,0.00016935191524680704,0.013013528162908284,0.058198269456624985,0.041454218327999115
1773,20,0.005311918444931507,0.00016325774777214974,0.012777235529336921,0.057141534984111786,0.041179969906806946
1774,20,0.00499438401311636,0.00017631069931667298,0.013278203919080057,0.05938193202018738,0.04201344773173332
1775,20,0.005207647569477558,0.00017471927276346833,0.013218141804484787,0.05911332741379738,0.04188849404454231
1776,20,0.0048915124498307705,0.00015051386435516179,0.01226840920230336,0.054865993559360504,0.039151471108198166
1777,20,0.004984904080629349,0.0001614562061149627,0.012706541862952433,0.05682538077235222,0.04082776606082916
1778,20,0.005765053443610668,0.00018659330089576542,0.013659915845120182,0.06108899787068367,0.04326440393924713
1779,20,0.004823584109544754,0.00016338801651727408,0.012782332201803945,0.057164326310157776,0.041197653859853745
1780,20,0.005464191082865,0.00017319046310149133,0.013160184766996675,0.05885413661599159,0.04380064830183983
1781,20,0.005002644844353199,0.0001697646948741749,0.013029378146104092,0.05826915055513382,0.04206269234418869
1782,20,0.0052671125158667564,0.00016957600018940866,0.013022135008876565,0.058236755430698395,0.041870273649692535
1783,20,0.004913451615720987,0.00017175977700389922,0.013105715432737704,0.05861053988337517,0.04216563329100609
1784,20,0.0051379515789449215,0.00016841934120748192,0.012977647753251817,0.058037806302309036,0.04245168715715408
1785,20,0.005093681160360575,0.00018516618001740426,0.0136075780364253,0.06085493788123131,0.04358944669365883
1786,20,0.005073437001556158,0.00017358183686155826,0.013175045990870706,0.05892059579491615,0.04225298389792442
1787,20,0.005144132301211357,0.00017477395886089653,0.013220210242688902,0.05912258103489876,0.04166174307465553
1788,20,0.0047124894335865974,0.0001701413857517764,0.013043825579628715,0.05833376199007034,0.04229984059929848
1789,20,0.005129829049110413,0.00017323573410976678,0.013161904653573767,0.05886182561516762,0.04189487174153328
1790,20,0.0051496392115950584,0.00017586532339919358,0.01326142237466229,0.05930688604712486,0.04233640804886818
1791,20,0.004922044463455677,0.00017422674864064902,0.013199498045026145,0.0590299516916275,0.04179074615240097
1792,20,0.005106040276587009,0.0001633510401006788,0.012780885732244021,0.057157862931489944,0.04068528860807419
1793,20,0.005241136997938156,0.0001752402022248134,0.01323783223283984,0.05920138582587242,0.04308190196752548
1794,20,0.0047802673652768135,0.00017353298608213663,0.013173191947365553,0.058912307024002075,0.04268965125083923
1795,20,0.005086361430585384,0.00017458728689234704,0.013213148258168718,0.0590909980237484,0.04239574819803238
1796,20,0.005087668541818857,0.00017594906967133284,0.0132645795135516,0.059321001172065735,0.04244871065020561
1797,20,0.00510103115811944,0.00017788182594813406,0.013337234568985208,0.05964592471718788,0.042892713099718094
1798,20,0.005079211201518774,0.00017513630155008286,0.013233907266944364,0.05918383225798607,0.04207996651530266
1799,20,0.004992625676095486,0.0001737025158945471,0.013179625028601804,0.0589410737156868,0.042208895087242126
1800,20,0.005127030424773693,0.0001814693387132138,0.013471055590161218,0.06024439260363579,0.043087564408779144
1801,20,0.005382346920669079,0.00017552418285049498,0.013248553990926518,0.059249330312013626,0.04217798262834549
1802,20,0.0051272958517074585,0.0001762347819749266,0.013275344890997243,0.05936914682388306,0.04341544955968857
1803,20,0.005016450770199299,0.00017596162797417492,0.013265052882449242,0.05932312086224556,0.04211200773715973
1804,20,0.0050466605462133884,0.00017320772167295218,0.013160840462255904,0.05885706841945648,0.04258601367473602
1805,20,0.005576835945248604,0.00017797676264308393,0.0133407931789337,0.05966183915734291,0.04219657555222511
1806,20,0.005133055150508881,0.00018011061183642596,0.013420529491656652,0.06001843139529228,0.043185219168663025
1807,20,0.004989487584680319,0.000174558226717636,0.013212048543569464,0.05908607691526413,0.041967276483774185
1808,20,0.005219840444624424,0.00018226497923024,0.013500554774906103,0.06037631258368492,0.04338624328374863
1809,20,0.005318155977874994,0.00018075379193760455,0.013444470682686045,0.060125499963760376,0.04275514557957649
1810,20,0.005133176222443581,0.00017322518397122622,0.013161503864347198,0.05886003375053406,0.041655659675598145
1811,20,0.0048842653632164,0.0001752309617586434,0.013237483210891842,0.059199824929237366,0.04269707202911377
1812,20,0.005403316114097834,0.0001727651833789423,0.013144017018360191,0.058781832456588745,0.042200878262519836
1813,20,0.005339103750884533,0.0001809815876185894,0.01345293973890426,0.06016337499022484,0.04367155581712723
1814,20,0.005309063941240311,0.00018276399350725114,0.013519023393250385,0.06045890972018242,0.04467777535319328
1815,20,0.0051733823493123055,0.00018266536062583327,0.013515374971706604,0.060442592948675156,0.04253419488668442
1816,20,0.005387724377214909,0.00017284155183006078,0.013146921762529082,0.05879482254385948,0.04158378392457962
1817,20,0.005594669375568628,0.00017649904475547373,0.013285294304435778,0.059413641691207886,0.04232914000749588
1818,20,0.005561413709074259,0.0001649321202421561,0.012842590090871703,0.057433806359767914,0.041089072823524475
1819,20,0.006235386244952679,0.0001905513636302203,0.013804034324436472,0.061733514070510864,0.04433544725179672
1820,20,0.0054628667421638966,0.00015782599803060293,0.012562881756611535,0.05618291348218918,0.03935552388429642
1821,20,0.0053602708503603935,0.00017749285325407982,0.013322644379179375,0.05958067625761032,0.04198978841304779
1822,20,0.005466582719236612,0.00017094906070269644,0.01307474897283678,0.058472055941820145,0.04259244352579117
1823,20,0.005036911461502314,0.00017767990357242525,0.013329662545331944,0.05961206927895546,0.04255367070436478
1824,20,0.0051555451937019825,0.00016550517466384917,0.012864881447718404,0.05753349885344505,0.0411519855260849
1825,20,0.005803649313747883,0.0001825424114940688,0.0135108257147396,0.060422249138355255,0.04279056563973427
1826,20,0.004833586048334837,0.00016927353863138705,0.013010516462899812,0.058184798806905746,0.04116174951195717
1827,20,0.004907622467726469,0.00016847150982357562,0.012979657538763324,0.058046791702508926,0.041043058037757874
1828,20,0.005694827996194363,0.00018207731773145497,0.013493602844735537,0.06034522503614426,0.043259378522634506
1829,20,0.0052553387358784676,0.0001681881258264184,0.012968736477637997,0.05799795314669609,0.04236758500337601
1830,20,0.005884577985852957,0.00019056543533224612,0.0138045440102977,0.06173579767346382,0.04320415481925011
1831,20,0.005198596511036158,0.00017964681319426745,0.013403238906856336,0.05994110554456711,0.042644672095775604
1832,20,0.005058623850345612,0.00016706690075807273,0.012925436192178303,0.05780430883169174,0.041190456598997116
1833,20,0.006130930967628956,0.00019119246280752122,0.013827236267870786,0.06183728203177452,0.04580671712756157
1834,20,0.005284898914396763,0.00017999179544858634,0.013416102095936298,0.059998638927936554,0.04245704412460327
1835,20,0.006128842942416668,0.0001941045484272763,0.013932140841495836,0.06230643019080162,0.04362063109874725
1836,20,0.004978541750460863,0.00017771442071534693,0.013330957231772479,0.05961785092949867,0.04226669296622276
1837,20,0.00591189693659544,0.0001756413548719138,0.013252975321485881,0.05926910787820816,0.04201233759522438
1838,20,0.005105879157781601,0.00017621347797103226,0.013274542476900372,0.05936555936932564,0.04216030612587929
1839,20,0.0052972338162362576,0.00018152878328692168,0.013473261790929532,0.060254260897636414,0.04316405579447746
1840,20,0.005414949730038643,0.000177105946931988,0.013308115829522524,0.05951569974422455,0.04260963946580887
1841,20,0.005115386564284563,0.00018009624909609556,0.013419994377647688,0.06001603975892067,0.04315181076526642
1842,20,0.004992839880287647,0.00017333698633592576,0.013165750504089227,0.058879029005765915,0.041779834777116776
1843,20,0.005188941489905119,0.00018450422794558108,0.013583233339142086,0.06074606627225876,0.04346880316734314
1844,20,0.005439273081719875,0.00017376034520566463,0.013181818736641185,0.05895088613033295,0.04202674701809883
1845,20,0.005202806554734707,0.00017553190991748124,0.013248845606975774,0.059250637888908386,0.041899070143699646
1846,20,0.005143652204424143,0.00018231011927127838,0.013502226456080433,0.06038379296660423,0.042793527245521545
1847,20,0.0052425554022192955,0.0001774939737515524,0.013322686431480418,0.05958086624741554,0.04245861619710922
1848,20,0.005237250123172998,0.0001780706224963069,0.013344310491603038,0.05967756733298302,0.04200949892401695
1849,20,0.0052711935713887215,0.00018380393157713115,0.013557430861971274,0.0606306754052639,0.04289848729968071
1850,20,0.004926120862364769,0.00018089768127538264,0.013449820864062935,0.0601494275033474,0.04246772825717926
1851,20,0.005109087564051151,0.00017331472190562636,0.013164904933406331,0.058875247836112976,0.04219294339418411
1852,20,0.005272960755974054,0.00018612478743307292,0.0136427558591757,0.061012256890535355,0.04378492385149002
1853,20,0.005091628059744835,0.0001750740484567359,0.013231555027914742,0.05917331203818321,0.04173019900918007
1854,20,0.005046340171247721,0.00017497947555966675,0.013227980781648677,0.05915732681751251,0.04260484129190445
1855,20,0.00494010467082262,0.00017640157602727413,0.013281625503953728,0.05939723551273346,0.04230363294482231
1856,20,0.005168147850781679,0.00018205633386969566,0.01349282527381481,0.06034174934029579,0.04395979642868042
1857,20,0.005060666240751743,0.00017132014909293503,0.013088932312948028,0.05853548273444176,0.04187273234128952
1858,20,0.00479364488273859,0.00017528219905216247,0.013239418380433578,0.05920847877860069,0.0426839180290699
1859,20,0.00519595155492425,0.0001774500560713932,0.013321038100365647,0.059573493897914886,0.042484913021326065
1860,20,0.004680512007325888,0.00016839560703374445,0.01297673329593178,0.058033715933561325,0.04206676408648491
1861,20,0.005171213299036026,0.000169467632076703,0.013017973424335411,0.05821814388036728,0.04200388491153717
1862,20,0.005439019296318293,0.00017123439465649426,0.013085656065191928,0.058520834892988205,0.04164966195821762
1863,20,0.005034559406340122,0.00017055837088264525,0.013059799802548478,0.05840520188212395,0.0431763119995594
1864,20,0.005312985274940729,0.00018763047410175204,0.013697827349684038,0.06125854700803757,0.043204084038734436
1865,20,0.00489415368065238,0.0001672539656283334,0.01293267047551794,0.057836659252643585,0.0413992777466774
1866,20,0.0049774558283388615,0.00016770159709267318,0.012949965138666327,0.05791401118040085,0.04221837595105171
1867,20,0.004803947173058987,0.0001693678495939821,0.013014140370918938,0.058201007544994354,0.04265895113348961
1868,20,0.004835193045437336,0.0001644397561904043,0.012823406575103368,0.05734802037477493,0.04200661554932594
1869,20,0.004751188214868307,0.00016471502021886408,0.012834134961845465,0.057395998388528824,0.042333632707595825
1870,20,0.004440720193088055,0.0001604857388883829,0.012668296605636564,0.056654345244169235,0.04079914838075638
1871,20,0.005368719808757305,0.0001661349815549329,0.012889335962528593,0.057642862200737,0.04100687801837921
1872,20,0.004770039580762386,0.00017040625971276313,0.013053974862575887,0.0583791509270668,0.04285823553800583
1873,20,0.005625615827739239,0.00017476729408372194,0.01321995817254056,0.059121448546648026,0.04188433289527893
1874,20,0.0050528948195278645,0.0001695268729235977,0.01302024857380218,0.05822832137346268,0.04374922066926956
1875,20,0.005697119049727917,0.00017200018919538707,0.013114884261608529,0.05865154415369034,0.04664628952741623
1876,20,0.005063643679022789,0.00014736487355548888,0.012139393459126731,0.054289016872644424,0.03813701868057251
1877,20,0.004805887583643198,0.00015649438137188554,0.012509771435637244,0.055945396423339844,0.04207741096615791
1878,20,0.00514842476695776,0.00016946873802226037,0.013018015901905343,0.0582183413207531,0.04515921324491501
1879,20,0.004725894890725613,0.00015142539632506669,0.012305502684777517,0.05503188073635101,0.04309263825416565
1880,20,0.0046256366185843945,0.0001353838888462633,0.01163545825682269,0.05203535407781601,0.04039730876684189
1881,20,0.005272700451314449,0.00015672857989557087,0.01251912855975091,0.055987242609262466,0.04338328167796135
1882,20,0.005542431958019733,0.00015704015095252544,0.012531566181149324,0.0560428611934185,0.042895346879959106
1883,20,0.004588239826261997,0.00012258501374162734,0.011071811673869248,0.04951464757323265,0.04002131521701813
1884,20,0.004629720933735371,0.00012928333308082074,0.011370282893614421,0.05084945261478424,0.04229309782385826
1885,20,0.004763769917190075,9.948682418325916e-05,0.009974308205748364,0.04460645839571953,0.03517794609069824
1886,20,0.0041205198504030704,0.00011683325283229351,0.010808943187578215,0.04833906516432762,0.042210668325424194
1887,20,0.004356021992862225,0.00012326432624831796,0.011102446858612653,0.049651652574539185,0.04411518573760986
1888,20,0.004850135650485754,0.00011324809020152315,0.010641808596358195,0.04759161174297333,0.042019475251436234
1889,20,0.004152691923081875,0.00011135720706079155,0.01055259243317923,0.04719262942671776,0.04175041988492012
1890,20,0.0037354058586061,0.00010206158185610548,0.010102553234509853,0.04517999291419983,0.03985004127025604
1891,20,0.004129062406718731,0.00010593268234515563,0.010292360387450277,0.04602883383631706,0.041688740253448486
1892,20,0.0036652698181569576,0.00010046723764389753,0.010023334656884281,0.0448257140815258,0.040492068976163864
1893,20,0.004173471592366695,0.0001099919099942781,0.010487702798719942,0.046902433037757874,0.04403402656316757
1894,20,0.004303426016122103,9.085461351787671e-05,0.009531768645843054,0.04262736439704895,0.03613918274641037
1895,20,0.0038994618225842714,0.00011000108497682959,0.010488140205814832,0.046904388815164566,0.04300475865602493
1896,20,0.003574179019778967,0.0001010106279863976,0.010050404369297664,0.04494677111506462,0.04105105996131897
1897,20,0.0035870529245585203,0.00010058855696115643,0.010029384675101281,0.04485276713967323,0.04134970158338547
1898,20,0.0037565461825579405,9.607664833310992e-05,0.00980186963457023,0.043835293501615524,0.039703842252492905
1899,20,0.0034154211170971394,9.601181227480993e-05,0.009798561745215975,0.04382050037384033,0.04018095135688782
1900,20,0.003471536096185446,0.00010621064575389028,0.010305854925909363,0.046089183539152145,0.042298510670661926
1901,20,0.0034787598997354507,0.0001000677584670484,0.010003387349645539,0.044736508280038834,0.04141806811094284
1902,20,0.004310202784836292,0.00010434528667246923,0.010214954070991667,0.04568265751004219,0.040773890912532806
1903,20,0.0033885487355291843,0.00010387421207269654,0.010191869900695188,0.04557942971587181,0.04237758368253708
1904,20,0.003554746974259615,9.942894394043833e-05,0.00997140631708679,0.044593483209609985,0.04144968092441559
1905,20,0.0035470775328576565,0.00010151561582461,0.010075495810361393,0.04505898430943489,0.0418216772377491
1906,20,0.0035129874013364315,9.960954776033759e-05,0.009980458294103413,0.04463396593928337,0.041435617953538895
1907,20,0.0034634540788829327,9.934570698533207e-05,0.009967231661064774,0.04457481577992439,0.04144494980573654
1908,20,0.003535193158313632,0.00010613301128614694,0.010302087714931714,0.0460723340511322,0.04272501543164253
1909,20,0.0037657241337001324,0.00010472340363776311,0.010233445345423168,0.045765358954668045,0.042015984654426575
1910,20,0.0035138805396854877,9.89899635897018e-05,0.009949370009689146,0.044494934380054474,0.04103318974375725
1911,20,0.0037127218674868345,9.39062811085023e-05,0.009690525326756145,0.043337348848581314,0.040275610983371735
1912,20,0.0040533882565796375,0.0001096575433621183,0.01047174977556847,0.04683108627796173,0.041486531496047974
1913,20,0.0035691149532794952,9.171559941023588e-05,0.009576826165814846,0.042828869074583054,0.03991759940981865
1914,20,0.0038704066537320614,8.881370013114065e-05,0.009424102086201138,0.04214586690068245,0.037701450288295746
1915,20,0.0036932535003870726,9.656948532210663e-05,0.009826977425541722,0.043947577476501465,0.04083388298749924
1916,20,0.003571901936084032,9.948461956810206e-05,0.009974197690446187,0.04460596665740013,0.04151894152164459
1917,20,0.003974127117544413,9.94226211332716e-05,0.009971089265134056,0.04459206759929657,0.04113148897886276
1918,20,0.004225811455398798,9.235447214450687e-05,0.009610123419837378,0.04297778010368347,0.040364816784858704
1919,20,0.003680633381009102,9.422064613318071e-05,0.009706732000688013,0.04340982437133789,0.03996739163994789
1920,20,0.003588533028960228,9.633784065954387e-05,0.009815184188773224,0.04389483854174614,0.04077993705868721
1921,20,0.003473154501989484,9.418998524779454e-05,0.009705152510280018,0.04340276122093201,0.04033274948596954
1922,20,0.004252850543707609,0.00011166742478962988,0.010567280860733752,0.04725831747055054,0.04245183989405632
1923,20,0.0035133406054228544,8.716863521840423e-05,0.009336414473362043,0.04175371676683426,0.03818058595061302
1924,20,0.003665327560156584,9.751677134772763e-05,0.009875058042752337,0.044162601232528687,0.04142332449555397
1925,20,0.003685249015688896,9.530912211630493e-05,0.009762639095874893,0.04365984722971916,0.040265846997499466
1926,20,0.0033725493121892214,9.563365892972797e-05,0.00977924633751129,0.0437341183423996,0.040684547275304794
1927,20,0.003899466246366501,9.32789480430074e-05,0.009658102714457297,0.04319234937429428,0.039623670279979706
1928,20,0.003694492159411311,0.00010220457625109702,0.010109627898745682,0.04521162807941437,0.04238761588931084
1929,20,0.00362326018512249,8.961714047472924e-05,0.009466633006234543,0.04233606904745102,0.03940784931182861
1930,20,0.0034843410830944777,9.022252925205976e-05,0.009498554061122133,0.04247882589697838,0.03925612196326256
1931,20,0.0035981214605271816,9.192791185341775e-05,0.00958790445579313,0.0428784117102623,0.0400635302066803
1932,20,0.003783404128625989,9.828072506934404e-05,0.009913663554375044,0.044335249811410904,0.04139147698879242
1933,20,0.0037104696966707706,8.95752091309987e-05,0.009464418055591093,0.04232616350054741,0.03919743001461029
1934,20,0.004051960073411465,9.724119445309043e-05,0.009861094992600489,0.044100161641836166,0.04042763635516167
1935,20,0.004073212388902903,9.55204595811665e-05,0.009773456890024455,0.04370822757482529,0.03968721628189087
1936,20,0.004263272508978844,0.00010046528041129932,0.01002323702260399,0.04482527822256088,0.04130184277892113
1937,20,0.0052130259573459625,0.00010456208838149905,0.010225560541187903,0.045730095356702805,0.04001450538635254
1938,20,0.004453664179891348,9.762866829987615e-05,0.009880722053568563,0.04418793320655823,0.03966175392270088
1939,20,0.004666392225772142,9.893418609863147e-05,0.009946566548243241,0.04448239877820015,0.04119182378053665
1940,20,0.0038659940473735332,8.91489107743837e-05,0.009441870088832174,0.04222532734274864,0.039075542241334915
1941,20,0.0037535973824560642,9.132084232987836e-05,0.009556193924878166,0.04273659735918045,0.03919154405593872
1942,20,0.003819882171228528,9.596797463018447e-05,0.009796324547001517,0.04381049424409866,0.04007112979888916
1943,20,0.004021964967250824,9.903154568746686e-05,0.009951459475246173,0.044504281133413315,0.04088779166340828
1944,20,0.003827650099992752,9.653690358391032e-05,0.009825319515614253,0.043940167874097824,0.04054195061326027
1945,20,0.004250910133123398,0.00010574564657872543,0.01028327022783732,0.045988183468580246,0.041708774864673615
1946,20,0.004444614984095097,9.278738434659317e-05,0.009632620845159078,0.04307838901877403,0.03834054619073868
1947,20,0.0042501515708863735,9.829780174186453e-05,0.009914524786486972,0.044339101761579514,0.04010316729545593
1948,20,0.0042779697105288506,9.589931869413704e-05,0.009792819751947702,0.043794821947813034,0.039817146956920624
1949,20,0.003476496320217848,8.878162770997733e-05,0.00942240031573576,0.04213825613260269,0.039043694734573364
1950,20,0.003995687235146761,9.497745486442e-05,0.009745637735131549,0.04358381778001785,0.040905389934778214
1951,20,0.0035239022690802813,8.933787466958165e-05,0.009451871490323048,0.042270053178071976,0.039509471505880356
1952,20,0.0037174136377871037,8.213939872803167e-05,0.00906307887685149,0.04053132236003876,0.03761782497167587
1953,20,0.004246543627232313,0.00010437626769999042,0.010216470413013998,0.04568944871425629,0.04166382551193237
1954,20,0.004099983721971512,8.978465484688058e-05,0.009475476497088712,0.04237562045454979,0.039625003933906555
1955,20,0.004329239949584007,0.00010029478289652616,0.010014728298687197,0.044787224382162094,0.042260508984327316
1956,20,0.0036737550981342793,8.86203779373318e-05,0.009413839702126428,0.0420999713242054,0.03935113549232483
1957,20,0.004112220369279385,0.00010122682579094544,0.010061154297144312,0.04499484971165657,0.04170845448970795
1958,20,0.0043271686881780624,9.185475937556475e-05,0.009584088865174652,0.04286134988069534,0.03973926976323128
1959,20,0.004715357441455126,0.00010469528933754191,0.010232071605376005,0.04575921222567558,0.04231862723827362
1960,20,0.0041235885582864285,9.258052159566432e-05,0.009621877238650696,0.04303034022450447,0.039620064198970795
1961,20,0.0046155983582139015,9.098498412640765e-05,0.009538604936069407,0.04265793785452843,0.03814717382192612
1962,20,0.004323698114603758,9.739796223584563e-05,0.009869040593484537,0.044135693460702896,0.04149165004491806
1963,20,0.004086413886398077,9.041278826771304e-05,0.009508563943504458,0.0425235889852047,0.03920355066657066
1964,20,0.005828359164297581,0.0001295863330597058,0.011383599301613957,0.050909001380205154,0.04497728496789932
1965,20,0.0037094701547175646,7.311596709769219e-05,0.00855078751330497,0.038240283727645874,0.035661112517118454
1966,20,0.004172506742179394,0.00010235115041723475,0.010116874537980332,0.045244038105010986,0.042326051741838455
1967,20,0.0038641442079097033,9.262999810744077e-05,0.00962444793780094,0.04304184019565582,0.04026230052113533
1968,20,0.003961812239140272,9.41247126320377e-05,0.009701789145927554,0.043387722223997116,0.04060545563697815
1969,20,0.004041656851768494,9.289218724006787e-05,0.009638059308806304,0.04310271143913269,0.03997555375099182
1970,20,0.0036727548576891422,9.083739860216156e-05,0.009530865574655932,0.04262332618236542,0.040252987295389175
1971,20,0.0037339148111641407,8.729210821911693e-05,0.00934302457553853,0.04178328067064285,0.03934135288000107
1972,20,0.0035072206519544125,8.600977889727801e-05,0.00927414572331479,0.04147523641586304,0.03893205150961876
1973,20,0.004255932755768299,8.716478623682633e-05,0.009336208343692119,0.04175279289484024,0.038459327071905136
1974,20,0.004150616470724344,9.335552022093907e-05,0.009662066043085147,0.043210070580244064,0.03965378552675247
1975,20,0.0034698122180998325,9.54187853494659e-05,0.009768253956028473,0.043684959411621094,0.041858941316604614
1976,20,0.0037623581010848284,9.9397890153341e-05,0.009969849053688877,0.04458652064204216,0.04130853712558746
1977,20,0.004492876585572958,0.00010397056030342355,0.01019659552514581,0.04560055956244469,0.042008351534605026
1978,20,0.004010268487036228,9.829222835833207e-05,0.009914243710860252,0.04433784633874893,0.04112296923995018
1979,20,0.004180059768259525,9.835008677328005e-05,0.009917161225536271,0.04435089975595474,0.041597504168748856
1980,20,0.005641465540975332,0.00011847829591715708,0.010884773581345507,0.048678185790777206,0.044232502579689026
1981,20,0.005187532864511013,0.00014103103603702039,0.011875648868041712,0.05310951545834541,0.04867078363895416
1982,20,0.0042723058722913265,0.00010068601841339841,0.010034242293935224,0.04487449675798416,0.04155408963561058
1983,20,0.0042873346246778965,9.378622053191066e-05,0.009684328605118201,0.04330963268876076,0.03966632857918739
1984,20,0.0036147732753306627,8.972317300504074e-05,0.009472231680287425,0.04236110672354698,0.03972483053803444
1985,20,0.004595678299665451,0.0001028292317641899,0.0101404749279405,0.04534958302974701,0.0415189266204834
1986,20,0.0038439773488789797,9.31343311094679e-05,0.00965061299138391,0.04315885156393051,0.03982841968536377
1987,20,0.004285871051251888,0.00010074834426632151,0.010037347471634202,0.04488838464021683,0.04149048402905464
1988,20,0.0036644539795815945,9.205564128933474e-05,0.0095945631109152,0.0429081916809082,0.03991743177175522
1989,20,0.003910992294549942,9.456760017201304e-05,0.009724587403690352,0.04348967596888542,0.04037708789110184
1990,20,0.003913204651325941,9.137090091826394e-05,0.00955881273580898,0.042748309671878815,0.039361584931612015
1991,20,0.004205400124192238,9.35093266889453e-05,0.009670022062484929,0.04324565455317497,0.03977810963988304
1992,20,0.004137720912694931,9.334295464213938e-05,0.009661415767998983,0.043207161128520966,0.039544638246297836
1993,20,0.003908858634531498,9.433471859665588e-05,0.009712606169131737,0.043436095118522644,0.039980459958314896
1994,20,0.0043522450141608715,9.434141247766092e-05,0.009712950760590776,0.04343763738870621,0.039719775319099426
1995,20,0.0046446919441223145,9.885212784865871e-05,0.00994244073900663,0.04446394741535187,0.04005676880478859
1996,20,0.004734833259135485,0.00010208501771558076,0.010103713065778381,0.04518517851829529,0.03999689966440201
1997,20,0.004331130534410477,9.914176916936412e-05,0.00995699599122969,0.04452903941273689,0.040469903498888016
1998,20,0.004459927324205637,0.00010285947791999206,0.010141966176239796,0.045356251299381256,0.04074867442250252
1999,20,0.004721708595752716,9.731608588481322e-05,0.009864891579982682,0.04411713778972626,0.038942478597164154
2000,20,0.005012996960431337,0.00011238550359848887,0.0106012029316719,0.0474100224673748,0.04223979264497757
2001,20,0.004040095955133438,9.645945101510733e-05,0.009821377246349279,0.043922532349824905,0.04048338159918785
2002,20,0.0038027651607990265,9.776257502380759e-05,0.009887495892479935,0.04421822354197502,0.04110380634665489
2003,20,0.004200621508061886,9.654926543589681e-05,0.009825948576900697,0.043942976742982864,0.03950753062963486
2004,20,0.00449274480342865,9.76264855125919e-05,0.009880611596080068,0.04418744146823883,0.04024922475218773
2005,20,0.00406009703874588,9.920888987835497e-05,0.009960365951025844,0.04454411193728447,0.041002724319696426
2006,20,0.0039035887457430363,8.611460361862555e-05,0.00927979545133542,0.041500505059957504,0.038111209869384766
2007,20,0.0038059591315686703,9.693225001683459e-05,0.009845417716726628,0.044030047953128815,0.04027850180864334
2008,20,0.003981581889092922,9.573729039402679e-05,0.00978454344331031,0.043757807463407516,0.040272414684295654
2009,20,0.004011949989944696,9.212957957061008e-05,0.009598415471868786,0.04292541742324829,0.038521431386470795
2010,20,0.003665634896606207,8.94568074727431e-05,0.009458160892728728,0.04229817911982536,0.03902760520577431
2011,20,0.003899557050317526,9.613712609279901e-05,0.009804954160667912,0.04384908452630043,0.04015229269862175
2012,20,0.003562960773706436,9.613721340429038e-05,0.009804958613084013,0.04384910687804222,0.040563032031059265
2013,20,0.0035646415781229734,9.306114225182682e-05,0.009646820318209872,0.04314189404249191,0.04000284522771835
2014,20,0.00423104502260685,9.974911517929286e-05,0.009987447881180299,0.04466522857546806,0.04115575551986694
2015,20,0.0037988931871950626,9.364470315631479e-05,0.009677019332228018,0.04327694699168205,0.03964027389883995
2016,20,0.004337341524660587,0.00010773915710160509,0.010379747448835405,0.046419642865657806,0.04115018993616104
2017,20,0.003910860978066921,9.498732106294483e-05,0.009746143907358685,0.04358608275651932,0.04009012505412102
2018,20,0.003975695930421352,9.175253217108548e-05,0.009578754207676773,0.042837489396333694,0.03913905844092369
2019,20,0.003739741398021579,9.609985863789916e-05,0.009803053536419108,0.04384058713912964,0.0405970923602581
2020,20,0.0038990553002804518,9.701352973934263e-05,0.009849544646294195,0.044048503041267395,0.04027574509382248
2021,20,0.003938615787774324,9.602763748262078e-05,0.009799369239018437,0.04382411390542984,0.04041266441345215
2022,20,0.003544732229784131,8.878183871274814e-05,0.009422411512598467,0.04213830456137657,0.03913470357656479
2023,20,0.0035634201485663652,9.381560084875673e-05,0.009685845386374735,0.04331641644239426,0.03958672657608986
2024,20,0.0037623257376253605,9.500007581664249e-05,0.009746798234119884,0.04358900710940361,0.040045738220214844
2025,20,0.0034336564131081104,9.321821562480181e-05,0.009654958085087775,0.04317828640341759,0.040000781416893005
2026,20,0.00374021683819592,9.488879004493356e-05,0.009741087723911204,0.043563470244407654,0.04051182419061661
2027,20,0.003948363475501537,0.00010102357191499323,0.010051048299306557,0.04494965821504593,0.04153328761458397
2028,20,0.0037026070058345795,9.893812239170074e-05,0.0099467644182267,0.044483281672000885,0.04122632369399071
2029,20,0.0035761729814112186,8.71635929797776e-05,0.009336144438673687,0.04175250604748726,0.039016179740428925
2030,20,0.003490778850391507,8.869360317476094e-05,0.00941772813234492,0.04211736097931862,0.038683075457811356
2031,20,0.003974304534494877,9.488967043580487e-05,0.009741132913363048,0.04356367141008377,0.039975497871637344
2032,20,0.0038499522488564253,9.579566540196538e-05,0.009787526010282955,0.04377115145325661,0.04057154431939125
2033,20,0.0035039237700402737,9.315893112216145e-05,0.009651887438328394,0.04316455125808716,0.04028545320034027
2034,20,0.003849530126899481,9.754036727827042e-05,0.009876252694127991,0.04416794702410698,0.04082023352384567
2035,20,0.004120956175029278,9.942745236912742e-05,0.009971331524381658,0.04459315165877342,0.0407005213201046
2036,20,0.0043342942371964455,9.638755727792159e-05,0.009817716500180762,0.043906163424253464,0.03979504853487015
2037,20,0.0036904860753566027,9.764745482243598e-05,0.009881672673309715,0.04419218376278877,0.04098060354590416
2038,20,0.0035476572811603546,8.980234997579828e-05,0.009476410184020016,0.04237979277968407,0.03903969004750252
2039,20,0.004530052188783884,9.833047806750983e-05,0.009916172551317864,0.04434647038578987,0.04018540307879448
2040,20,0.003881853772327304,9.869493078440428e-05,0.00993453223782601,0.04442858323454857,0.040907155722379684
2041,20,0.0037378668785095215,9.273971954826266e-05,0.009630146392878078,0.0430673286318779,0.03984379395842552
2042,20,0.003742851782590151,9.595469600753859e-05,0.009795646788627007,0.043807465583086014,0.04084620252251625
2043,20,0.004492363426834345,0.00010685077722882852,0.01033686496133274,0.04622786492109299,0.041619349271059036
2044,20,0.0049753338098526,0.000114616566861514,0.010705912705674094,0.04787830263376236,0.04447823017835617
2045,20,0.003684407100081444,8.771528518991545e-05,0.009365643874817975,0.04188443347811699,0.03843161091208458
2046,20,0.004116796888411045,9.932644752552733e-05,0.009966265475368762,0.04457049071788788,0.04057421162724495
2047,20,0.0035229355562478304,9.61184996413067e-05,0.009804004265671589,0.04384484142065048,0.040600623935461044
2048,20,0.0035488202702254057,9.390389459440485e-05,0.009690402189507143,0.04333679750561714,0.039808906614780426
2049,20,0.003689130302518606,8.775685273576528e-05,0.009367862762432276,0.04189435392618179,0.03911575675010681
2050,20,0.004163667559623718,9.970741666620597e-05,0.009985360117001588,0.04465588927268982,0.04040002077817917
2051,20,0.003518940880894661,8.625302871223539e-05,0.009287250869457302,0.04153384640812874,0.03832883760333061
2052,20,0.004835586063563824,8.574039384257048e-05,0.009259610890451632,0.04141024127602577,0.03540220111608505
2053,20,0.003488472430035472,8.058312960201874e-05,0.008976810658692692,0.040145520120859146,0.036764152348041534
2054,20,0.003563910024240613,7.747144263703376e-05,0.008801786332161998,0.03936278447508812,0.03546367585659027
2055,20,0.003409729804843664,7.401804759865627e-05,0.008603374198455875,0.038475461304187775,0.03427174687385559
2056,20,0.0036814454942941666,7.381477917078882e-05,0.008591552779957115,0.0384225957095623,0.03518538922071457
2057,20,0.003305584192276001,7.362211181316525e-05,0.008580332849788827,0.03837241604924202,0.034496672451496124
2058,20,0.0032596804667264223,7.18993105692789e-05,0.008479346116846446,0.037920787930488586,0.034662876278162
2059,20,0.003469473449513316,6.76357522024773e-05,0.008224095828872454,0.03677927702665329,0.03333531692624092
2060,20,0.003622051328420639,7.047063991194591e-05,0.008394679262005543,0.03754214569926262,0.033084601163864136
2061,20,0.0036258019972592592,7.250579801620916e-05,0.008515033647391486,0.03808038681745529,0.033308036625385284
2062,20,0.003558605443686247,6.940293678781018e-05,0.008330842501680738,0.03725665807723999,0.0337258018553257
2063,20,0.0041031003929674625,7.701154390815645e-05,0.008775622137954462,0.03924577310681343,0.03412832319736481
2064,20,0.0039061126299202442,8.183794852811843e-05,0.009046432917350265,0.04045687988400459,0.03581264615058899
2065,20,0.003798028454184532,7.040371565381065e-05,0.008390692203496124,0.03752431273460388,0.032780710607767105
2066,20,0.00390973873436451,6.717152427881956e-05,0.0081958235875853,0.036652836948633194,0.033131226897239685
2067,20,0.0035493720788508654,5.969475751044229e-05,0.0077262382509499595,0.034552786499261856,0.03041846677660942
2068,20,0.003485569264739752,6.426536128856242e-05,0.008016567924527455,0.03585118055343628,0.031707555055618286
2069,20,0.0034925169311463833,6.480985757661983e-05,0.008050456979365819,0.036002740263938904,0.03172999992966652
2070,20,0.0039907400496304035,6.315183418337256e-05,0.007946812831781842,0.03553922846913338,0.030600085854530334
2071,20,0.003170603420585394,4.307278140913695e-05,0.006562985708436135,0.029350565746426582,0.02419215440750122
2072,20,0.0029737227596342564,3.910529630957171e-05,0.006253422767538727,0.027966154739260674,0.022353850305080414
2073,20,0.002773264655843377,3.2255360565613955e-05,0.005679380297674558,0.02539896033704281,0.01993517205119133
2074,20,0.002539827022701502,2.8974376618862152e-05,0.005382785210173461,0.024072546511888504,0.01834999769926071
2075,20,0.0026083828415721655,2.9753788112429902e-05,0.005454703301961519,0.024394173175096512,0.018012579530477524
2076,20,0.0025524012744426727,2.261651934531983e-05,0.004755682847427889,0.02126806043088436,0.014750010333955288
2077,20,0.0033728531561791897,3.8399623008444905e-05,0.006196742935481905,0.02771267667412758,0.021287234500050545
2078,20,0.00279817683622241,2.8434023988666013e-05,0.005332356326115689,0.023847023025155067,0.017873890697956085
2079,20,0.002808385994285345,2.8932437999174e-05,0.005378888175001781,0.0240551196038723,0.016675271093845367
2080,20,0.0037933201529085636,3.258538345107809e-05,0.005708360837497756,0.0255285631865263,0.01687568426132202
2081,20,0.0028725252486765385,2.8620046577998437e-05,0.005349770703310417,0.023924902081489563,0.016570208594202995
2082,20,0.0023377984762191772,2.7190579203306697e-05,0.00521445866829019,0.02331976778805256,0.016543090343475342
2083,20,0.0022483174689114094,2.189191036450211e-05,0.004678879178232978,0.020924583077430725,0.014789356850087643
2084,20,0.0022549391724169254,2.370781294303015e-05,0.004869066947889519,0.021775130182504654,0.015768226236104965
2085,20,0.002719984855502844,2.802258313749917e-05,0.005293636097948098,0.023673860356211662,0.016247186809778214
2086,20,0.002318564336746931,2.4327591745532118e-05,0.004932300857159072,0.022057920694351196,0.01547221653163433
2087,20,0.0022862181067466736,2.132720146619249e-05,0.00461813831172178,0.02065294235944748,0.014150631614029408
2088,20,0.002331135096028447,2.3892789613455534e-05,0.004888025124061407,0.0218599122017622,0.01576175168156624
2089,20,0.0018726229900494218,2.0609822968253866e-05,0.004539804287439478,0.02030262164771557,0.014429382979869843
2090,20,0.0026457239873707294,2.3906190108391456e-05,0.004889395679262567,0.02186604216694832,0.0148352375254035
2091,20,0.0021514100953936577,2.370324727962725e-05,0.0048685980815453694,0.02177303284406662,0.01585197076201439
2092,20,0.0022832010872662067,2.6572564820526168e-05,0.005154858370559386,0.023053226992487907,0.016401799395680428
2093,20,0.00400394294410944,4.749291838379577e-05,0.006891510602458344,0.03081977181136608,0.02152698114514351
2094,20,0.002489162841811776,1.603649252501782e-05,0.004004558967604026,0.017908932641148567,0.011586014181375504
2095,20,0.002164289588108659,2.1934200049145147e-05,0.004683396208857963,0.020944785326719284,0.014810212887823582
2096,20,0.0027445927262306213,2.1300984371919185e-05,0.00461529894718849,0.020640244707465172,0.013858679682016373
2097,20,0.0021815351210534573,2.087871871481184e-05,0.0045693236605445055,0.020434636622667313,0.014466401189565659
2098,20,0.0019989698193967342,1.7596297766431235e-05,0.004194794126823298,0.01875969022512436,0.014805862680077553
2099,20,0.0023655991535633802,2.7344296540832147e-05,0.005229177424875938,0.02338559180498123,0.016654416918754578
2100,20,0.0023032636381685734,2.6342004275647923e-05,0.005132446227253426,0.02295299805700779,0.01664811000227928
2101,20,0.0021677580662071705,2.6195612008450553e-05,0.005118164906336113,0.02288913168013096,0.017414815723896027
2102,20,0.0024032413493841887,2.6845718821277842e-05,0.005181285441015371,0.02317141368985176,0.017519844695925713
2103,20,0.00257238675840199,2.8380320145515725e-05,0.0053273182883619525,0.02382449246942997,0.018273940309882164
2104,20,0.003056332701817155,3.724069756572135e-05,0.006102515675172113,0.027291279286146164,0.02119385451078415
2105,20,0.0038879639469087124,5.1945517043350264e-05,0.007207323847542184,0.0322321318089962,0.026470668613910675
2106,20,0.003329059574753046,6.111057882662863e-05,0.007817325554601691,0.03496014326810837,0.030582711100578308
2107,20,0.003621906042098999,7.385820936178789e-05,0.008594079901989968,0.03843389451503754,0.035014715045690536
2108,20,0.004046034067869186,9.897675045067444e-05,0.009948705968651122,0.0444919653236866,0.04141407087445259
2109,20,0.0038921355735510588,9.400864655617625e-05,0.009695805616666222,0.043360959738492966,0.04018297791481018
2110,20,0.004000280983746052,0.00010233370267087594,0.010116012192107914,0.04524018242955208,0.041790127754211426
2111,20,0.004391856491565704,0.00010020914487540722,0.010010451781783239,0.04476810246706009,0.04071306064724922
2112,20,0.004014867823570967,0.00010334017861168832,0.010165637147355217,0.04546211287379265,0.040994204580783844
2113,20,0.00483227614313364,0.0001358593290206045,0.011655871010808437,0.05212664231657982,0.046359382569789886
2114,20,0.003978442400693893,9.557056182529777e-05,0.009776019733270682,0.043719690293073654,0.0396416112780571
2115,20,0.003748927265405655,0.00010241151176160201,0.010119857299468309,0.04525737836956978,0.04159180819988251
2116,20,0.004353038966655731,0.00011066436854889616,0.010519713330167137,0.04704558849334717,0.0433429591357708
2117,20,0.003501474391669035,0.00010046516399597749,0.010023231215330587,0.04482525214552879,0.041474662721157074
2118,20,0.003953310661017895,0.00010442675556987524,0.01021894101998222,0.045700494199991226,0.04214821383357048
2119,20,0.004013911355286837,0.00010540462972130626,0.010266675689886491,0.04591396823525429,0.042269058525562286
2120,20,0.004024373833090067,0.0001032265936373733,0.010160048899359357,0.045437123626470566,0.04208400100469589
2121,20,0.0038687579799443483,0.00010245927842333913,0.010122217070550263,0.04526793211698532,0.04161461442708969
2122,20,0.004634063690900803,0.00011762285430449992,0.010845407060341254,0.04850213602185249,0.044019728899002075
2123,20,0.0036736144684255123,0.00010121825471287593,0.010060728339085393,0.044992946088314056,0.041696734726428986
2124,20,0.003901952877640724,9.925947233568877e-05,0.009962904814143752,0.04455546662211418,0.04100587218999863
2125,20,0.0038975090719759464,8.269087265944108e-05,0.009093452186020505,0.040667157620191574,0.035945795476436615
2126,20,0.0036224767100065947,0.00010226009180769324,0.01011237320354096,0.0452239066362381,0.04141784459352493
2127,20,0.004060892853885889,0.00010210031177848577,0.010104469891017825,0.04518856480717659,0.04100917652249336
2128,20,0.003988487180322409,9.703638352220878e-05,0.009850704722110432,0.04405369237065315,0.04000800848007202
2129,20,0.00432631466537714,0.0001097585991374217,0.010476573826276495,0.04685266315937042,0.04261495918035507
2130,20,0.0061696902848780155,0.00012755036004818976,0.011293819550895515,0.050507497042417526,0.04255504161119461
2131,20,0.004034743644297123,0.0001098639695555903,0.010481601478571407,0.04687514528632164,0.04372811317443848
2132,20,0.004578381776809692,0.00011056878429371864,0.010515169247031577,0.04702526703476906,0.042588844895362854
2133,20,0.0044004907831549644,0.00011088255268987268,0.010530078475010179,0.04709194228053093,0.04329746961593628
2134,20,0.005525078158825636,0.00011004906991729513,0.010490427537393085,0.04691461846232414,0.040779419243335724
2135,20,0.00379956210963428,9.832398791331798e-05,0.00991584529494677,0.044345006346702576,0.04115792363882065
2136,20,0.00482215965166688,0.00011938622628804296,0.010926400426858014,0.048864345997571945,0.04422697797417641
2137,20,0.006251196376979351,0.00013258967373985797,0.0115147589527466,0.051495566964149475,0.04251261055469513
2138,20,0.004134203307330608,0.00010466779349371791,0.01023072790634752,0.04575320705771446,0.042428214102983475
2139,20,0.0036829537712037563,0.00010200602991972119,0.010099803459460049,0.04516769200563431,0.04180783033370972
2140,20,0.004230128135532141,0.00011925065336981788,0.010920194749628685,0.0488365963101387,0.04584112763404846
2141,20,0.004190835170447826,0.00011446639109635726,0.010698896723324199,0.047846924513578415,0.04439617693424225
2142,20,0.004334442783147097,0.00010331557132303715,0.010164426758211068,0.04545670002698898,0.04213021695613861
2143,20,0.00464258948341012,0.00011261422332609072,0.010611984890966002,0.04745824262499809,0.043181732296943665
2144,20,0.0036865794099867344,0.00010501290671527386,0.010247580529826241,0.045828577131032944,0.04302424564957619
2145,20,0.004391408525407314,0.00011406070552766323,0.010679920670476127,0.047762058675289154,0.04367223009467125
2146,20,0.0038801308255642653,9.091330866795033e-05,0.009534847071031098,0.04264112934470177,0.03975246101617813
2147,20,0.003963306080549955,0.00010605682473396882,0.010298389424272556,0.04605579748749733,0.04297914728522301
2148,20,0.004514650441706181,0.00011256714060436934,0.010609766284153922,0.04744832217693329,0.04407602176070213
2149,20,0.003780173836275935,0.00010349312651669607,0.010173157155804488,0.045495741069316864,0.04266144707798958
2150,20,0.004981484264135361,0.00011571607319638133,0.010757140567845217,0.04810739681124687,0.04351267218589783
2151,20,0.003962790127843618,9.851305367192253e-05,0.009925374233343675,0.04438762366771698,0.04127921536564827
2152,20,0.0040545109659433365,0.00010467837273608893,0.010231244926014084,0.04575552046298981,0.042792052030563354
2153,20,0.004157652612775564,9.900011355057359e-05,0.009949880077195583,0.04449721798300743,0.0405641533434391
2154,20,0.003936861641705036,0.00010563871910562739,0.01027806981420283,0.04596492648124695,0.043016284704208374
2155,20,0.00430400762706995,0.00010382811160525307,0.010189608020196512,0.04556931182742119,0.04172302782535553
2156,20,0.004430853296071291,0.00010068245319416746,0.010034064639724396,0.04487370327115059,0.040636900812387466
2157,20,0.0038207857869565487,0.00010196524817729369,0.010097784320200828,0.045158665627241135,0.042142659425735474
2158,20,0.003906420432031155,0.00010189444583375007,0.01009427787579429,0.04514298215508461,0.04162824898958206
2159,20,0.0035749971866607666,9.67106461757794e-05,0.009834157115674907,0.04397968947887421,0.04083788022398949
2160,20,0.004145058803260326,9.614694863557816e-05,0.009805455044799204,0.043851327151060104,0.040358759462833405
2161,20,0.0038879201747477055,0.00010166563151869923,0.010082937643301143,0.04509226977825165,0.042311571538448334
2162,20,0.004777489695698023,0.00011178389831911772,0.010572790469838968,0.047282952815294266,0.04369295388460159
2163,20,0.0035453636664897203,9.419415437150747e-05,0.009705367297094297,0.04340372234582901,0.04016026854515076
2164,20,0.0038243376184254885,9.782810229808092e-05,0.00989080898097223,0.0442330427467823,0.040627870708703995
2165,20,0.003715024795383215,9.842545114224777e-05,0.009920960192554337,0.04436788335442543,0.04057607427239418
2166,20,0.0036541526205837727,0.00010222716809948906,0.010110745180227275,0.045216627418994904,0.0413283109664917
2167,20,0.004044398665428162,9.070724627235904e-05,0.009524035188530072,0.04259277880191803,0.038645364344120026
2168,20,0.003542836057022214,9.243639942724258e-05,0.009614385025951612,0.042996834963560104,0.039972878992557526
2169,20,0.003702654968947172,9.027567284647375e-05,0.009501351106367649,0.042491331696510315,0.038769084960222244
2170,20,0.0039797089993953705,0.00010369019582867622,0.010182838299250176,0.04553903639316559,0.04166483134031296
2171,20,0.004476656671613455,9.949840750778094e-05,0.009974888846888517,0.044609054923057556,0.04019241780042648
2172,20,0.004621643573045731,0.0001107873540604487,0.01052555718527284,0.04707172140479088,0.04321632906794548
2173,20,0.00465414160862565,9.120248432736844e-05,0.009549999179443339,0.04270889237523079,0.03721041977405548
2174,20,0.004380875267088413,9.009138739202172e-05,0.00949164829689879,0.04244793951511383,0.03848307952284813
2175,20,0.003636722918599844,9.011223301058635e-05,0.009492746336576489,0.0424528531730175,0.039356328547000885
2176,20,0.003332422347739339,9.405190940015018e-05,0.009698036368262917,0.04337093606591225,0.039773162454366684
2177,20,0.0044188122265040874,9.710769518278539e-05,0.009854323679623345,0.04406987503170967,0.0398440882563591
2178,20,0.00408269464969635,7.846789958421141e-05,0.008858210856838496,0.039615124464035034,0.03385097160935402
2179,20,0.003943762741982937,8.812184387352318e-05,0.009387323573496503,0.04198138788342476,0.0377604179084301
2180,20,0.004001925699412823,8.191249071387574e-05,0.009050551956310496,0.04047530144453049,0.036902714520692825
2181,20,0.004233201965689659,8.646726200822741e-05,0.009298777446967284,0.041585393249988556,0.03662816807627678
2182,20,0.004225439392030239,8.615306433057413e-05,0.009281867502317307,0.04150977358222008,0.03637738153338432
2183,20,0.0048680054023861885,9.986133954953402e-05,0.009993064572468948,0.044690344482660294,0.03947778046131134
2184,20,0.004194227512925863,8.779358176980168e-05,0.009369822931614112,0.041903119534254074,0.036932360380887985
2185,20,0.00429109949618578,8.835216431180015e-05,0.00939958319883388,0.04203621298074722,0.0366816408932209
2186,20,0.0036331594455987215,8.344763773493469e-05,0.009134967856261712,0.04085281863808632,0.03647881746292114
2187,20,0.0036264448426663876,8.337193867191672e-05,0.009130823548394566,0.04083428531885147,0.0367826409637928
2188,20,0.0038460157811641693,8.469057502225041e-05,0.009202748232036472,0.041155941784381866,0.03678952157497406
2189,20,0.0034609816502779722,8.308335964102298e-05,0.009115007385681209,0.040763553231954575,0.03668010234832764
2190,20,0.0038998969830572605,8.191043889382854e-05,0.009050438602290418,0.0404747910797596,0.03615289553999901
2191,20,0.004275164101272821,8.301062189275399e-05,0.00911101651259364,0.040745705366134644,0.035970743745565414
2192,20,0.0037676997017115355,8.17097388789989e-05,0.00903934394074033,0.040425173938274384,0.03618592768907547
2193,20,0.004518141504377127,9.119664173340425e-05,0.009549693279545907,0.042707525193691254,0.03746157884597778
2194,20,0.003937821835279465,8.610302029410377e-05,0.009279171315053073,0.041497718542814255,0.03723664581775665
2195,20,0.004048079717904329,8.509257168043405e-05,0.009224563495387413,0.04125349968671799,0.03689625859260559
2196,20,0.003964727278798819,8.303118374897167e-05,0.009112144848989819,0.04075074940919876,0.03641976788640022
2197,20,0.004602429922670126,8.950728079071268e-05,0.009460828758132804,0.04231011122465134,0.03694431483745575
2198,20,0.004209112375974655,8.773669833317399e-05,0.009366786980238954,0.04188954457640648,0.03767639398574829
2199,20,0.004368005786091089,8.360563515452668e-05,0.00914361171280401,0.04089147970080376,0.03651243448257446
2200,20,0.004345363471657038,8.626907219877467e-05,0.009288114566410918,0.04153771325945854,0.03753276914358139
2201,20,0.003942188341170549,8.895932114683092e-05,0.009431824910738691,0.04218040406703949,0.03815730661153793
2202,20,0.005003009922802448,9.82936835498549e-05,0.00991431709952102,0.0443381741642952,0.03838903456926346
2203,20,0.005255171097815037,9.946548379957676e-05,0.009973238380765635,0.0446016788482666,0.03821435943245888
2204,20,0.0047825416550040245,9.033066453412175e-05,0.009504244553572985,0.04250427335500717,0.0367547906935215
2205,20,0.005044552031904459,0.00010724479943746701,0.010355906500034992,0.04631302133202553,0.04029906913638115
2206,20,0.004617387894541025,9.702202078187838e-05,0.009849975674176987,0.0440504290163517,0.0389462448656559
2207,20,0.005423909518867731,0.00010203324200119823,0.010101150528588228,0.04517371952533722,0.03895731642842293
2208,20,0.005073715932667255,9.846706234384328e-05,0.009923057106751088,0.04437725991010666,0.03851485624909401
2209,20,0.005794156342744827,0.00010963188105961308,0.010470524392771026,0.046825606375932693,0.03934027999639511
2210,20,0.005642868112772703,0.00010612141340970993,0.010301524809935174,0.04606981948018074,0.03814004361629486
2211,20,0.006140165496617556,0.00011297794844722375,0.010629108544333516,0.047534819692373276,0.037407368421554565
2212,20,0.005287501495331526,0.00010800487507367507,0.01039253939485798,0.046476852148771286,0.04021616280078888
2213,20,0.005934544838964939,0.00010858006135094911,0.010420175687144104,0.04660044237971306,0.03888839855790138
2214,20,0.005810524802654982,0.00010045745875686407,0.010022846838940724,0.0448235347867012,0.037504129111766815
2215,20,0.004918982740491629,0.00010060540807899088,0.010030224727242699,0.04485652968287468,0.040218785405159
2216,20,0.006721655372530222,0.00012458850687835366,0.01116192218564319,0.04991763457655907,0.03943551704287529
2217,20,0.004676154814660549,9.697680070530623e-05,0.00984767996562166,0.04404016211628914,0.03889837488532066
2218,20,0.004398607648909092,9.812758071348071e-05,0.00990593663988826,0.04430069401860237,0.039656154811382294
2219,20,0.0048803407698869705,9.89464606391266e-05,0.00994718355310319,0.04448515549302101,0.040108829736709595
2220,20,0.004807903431355953,0.00010071097494801506,0.010035485785352648,0.044880058616399765,0.039478011429309845
2221,20,0.0043083010241389275,8.501579577568918e-05,0.009220401063711338,0.04123488441109657,0.036533646285533905
2222,20,0.004124423488974571,8.993970550363883e-05,0.009483654649112801,0.04241219535470009,0.038237620145082474
2223,20,0.005064197815954685,8.073281060205773e-05,0.008985143883213987,0.04018278419971466,0.034243032336235046
2224,20,0.003924700431525707,9.362962009618059e-05,0.00967623997719055,0.04327346011996269,0.039828263223171234
2225,20,0.004210223443806171,6.3573126681149e-05,0.007973275781079507,0.035657573491334915,0.030433572828769684
2226,20,0.004280795343220234,8.712493581697345e-05,0.009334073913194251,0.04174324497580528,0.03901161253452301
2227,20,0.00501000601798296,0.00010227033635601401,0.010112879726171671,0.04522617161273956,0.03929152339696884
2228,20,0.005878237076103687,0.00011042236292269081,0.010508204552762133,0.04699411988258362,0.03996989130973816
2229,20,0.0049812523648142815,8.158653508871794e-05,0.009032526506394429,0.04039468616247177,0.03410733491182327
2230,20,0.004265245981514454,9.639053314458579e-05,0.009817868054959069,0.043906841427087784,0.04004869982600212
2231,20,0.0049993619322776794,0.00010168393782805651,0.010083845388940497,0.04509632661938667,0.038972508162260056
2232,20,0.004840013105422258,0.00010997844947269186,0.01048706105029869,0.04689956456422806,0.040560416877269745
2233,20,0.005022128112614155,9.867158951237798e-05,0.009933357413904826,0.04442332312464714,0.03649524599313736
2234,20,0.005154607817530632,0.00010615864448482171,0.010303331717693152,0.046077899634838104,0.038288772106170654
2235,20,0.004707207437604666,0.00011121627176180482,0.010545912561831945,0.04716275632381439,0.03892219439148903
2236,20,0.005096203647553921,0.00011884279228979722,0.010901504129696838,0.048753008246421814,0.03926418349146843
2237,20,0.005923346616327763,0.00012661764048971236,0.011252450421562067,0.05032248795032501,0.03979109972715378
2238,20,0.005297393538057804,0.00012856180546805263,0.011338509843363572,0.05070735514163971,0.03883732855319977
2239,20,0.005442557390779257,0.00013614473573397845,0.011668107632944532,0.052181363105773926,0.03985772654414177
2240,20,0.005220502614974976,0.0001277673291042447,0.011303421123900707,0.0505504384636879,0.03891260176897049
2241,20,0.0059020137414336205,0.0001457600883441046,0.01207311427694216,0.053992606699466705,0.03900595381855965
2242,20,0.006261415779590607,0.0001301207230426371,0.011407047078128375,0.05101386830210686,0.03433150053024292
2243,20,0.006266883108764887,0.0001427259121555835,0.011946795057905007,0.053427692502737045,0.036593034863471985
2244,20,0.006288307718932629,0.00015494895342271775,0.012447849349293947,0.05566847696900368,0.03848776966333389
2245,20,0.005948923993855715,0.00015892699593678117,0.012606625081154003,0.05637853965163231,0.03875792399048805
2246,20,0.005729266442358494,0.00016024240176193416,0.012658688785254741,0.056611377745866776,0.03841376304626465
2247,20,0.005928495433181524,0.00015795235231053084,0.012567909623741366,0.056205399334430695,0.03974653035402298
2248,20,0.004891765303909779,0.0001600475370651111,0.012650989568611267,0.05657694488763809,0.04004202410578728
2249,20,0.005209961906075478,0.00013302538718562573,0.01153366321623905,0.05158010870218277,0.039292387664318085
2250,20,0.005432387348264456,0.00016891941777430475,0.012996900314086615,0.058123908936977386,0.04276992008090019
2251,20,0.005075980443507433,0.00016425849753431976,0.01281633713407695,0.05731640383601189,0.04290815442800522
2252,20,0.005449844524264336,0.00016893670544959605,0.01299756536623671,0.05812687799334526,0.04338948056101799
2253,20,0.00551846856251359,0.00016629167657811195,0.012895413005333018,0.05767003819346428,0.04237992316484451
2254,20,0.005802998784929514,0.00016367898206226528,0.012793708690691111,0.05721520632505417,0.04210038110613823
2255,20,0.005076495464891195,0.00016552065790165216,0.012865483197363874,0.05753618851304054,0.042169395834207535
2256,20,0.005593220237642527,0.00017852443852461874,0.013361303773382998,0.05975356698036194,0.04450833797454834
2257,20,0.005188655108213425,0.00016935459279920906,0.013013631038230992,0.0581987239420414,0.042738787829875946
2258,20,0.004956023767590523,0.00016255147056654096,0.012749567465860987,0.05701779946684837,0.041941944509744644
2259,20,0.004891606513410807,0.00016013917047530413,0.012654610640999752,0.056593142449855804,0.04164232686161995
2260,20,0.004976143129169941,0.00016146591224242002,0.012706923791477621,0.05682709068059921,0.042336128652095795
2261,20,0.005245070904493332,0.00017012821626849473,0.013043320753109414,0.05833150073885918,0.04187973588705063
2262,20,0.0049548945389688015,0.00016673633945174515,0.012912642620770744,0.057747092097997665,0.0415116511285305
2263,20,0.005668421275913715,0.00016239927208516747,0.012743597297669424,0.056991096585989,0.0400211475789547
2264,20,0.004898561630398035,0.0001573355693835765,0.012543347614715001,0.05609555542469025,0.04030144587159157
2265,20,0.0049445247277617455,0.00016400385356973857,0.012806398930602567,0.05727195739746094,0.04073237627744675
2266,20,0.0052306135185062885,0.00016896400484256446,0.012998615497142934,0.05813157558441162,0.04120725020766258
2267,20,0.004743111319839954,0.00016817466530483216,0.012968217506844654,0.05799563229084015,0.04108884930610657
2268,20,0.006429580040276051,0.0001931295992108062,0.013897107584343088,0.06214975193142891,0.04717489704489708
2269,20,0.005501097068190575,0.00016484293155372143,0.012839117241996096,0.057418279349803925,0.040097303688526154
2270,20,0.004957959521561861,0.0001644104195293039,0.012822262652484697,0.057342901825904846,0.04075102508068085
2271,20,0.005471278913319111,0.00015835418889764696,0.012583886080922974,0.056276850402355194,0.03998672962188721
2272,20,0.004795145243406296,0.0001674483937676996,0.012940185229265445,0.05787026882171631,0.04082071781158447
2273,20,0.005938849411904812,0.0002062758430838585,0.014362306328854655,0.06423018127679825,0.04546117037534714
2274,20,0.004860559944063425,0.00016952099394984543,0.01302002280911387,0.058227308094501495,0.04146827012300491
2275,20,0.005215244367718697,0.00017354304145555943,0.013173573602313058,0.05891401320695877,0.04209990054368973
2276,20,0.004966133739799261,0.00016830567619763315,0.012973267753254504,0.058018218725919724,0.041687849909067154
2277,20,0.005181769374758005,0.00016533987945877016,0.012858455562732646,0.05750476196408272,0.04096449911594391
2278,20,0.004576387815177441,0.00016587800928391516,0.012879363698720336,0.05759826675057411,0.04112271964550018
2279,20,0.005051386542618275,0.00016160772065632045,0.012712502533188359,0.05685203894972801,0.041013263165950775
2280,20,0.0051814415492117405,0.00015642365906387568,0.012506944433548734,0.05593275651335716,0.03980988636612892
2281,20,0.005765429697930813,0.00017496971122454852,0.013227611697678025,0.059155676513910294,0.04124799743294716
2282,20,0.005732948891818523,0.00018876951071433723,0.013739341713282236,0.061444204300642014,0.04382812976837158
2283,20,0.007458781357854605,0.00019697444804478437,0.014034758567384918,0.06276534497737885,0.04328031465411186
2284,20,0.00549327814951539,0.00019148558203596622,0.013837831551076426,0.06188466399908066,0.043673355132341385
2285,20,0.006182398647069931,0.0001738510763971135,0.013185259815305632,0.05896627530455589,0.04378398135304451
2286,20,0.005538136698305607,0.00017689257219899446,0.01330009669885879,0.059479840099811554,0.0419338122010231
2287,20,0.005260906182229519,0.0001794407144188881,0.013395548306018985,0.05990670993924141,0.04433298110961914
2288,20,0.005682829767465591,0.00016928519471548498,0.013010964403743674,0.05818680301308632,0.04169154539704323
2289,20,0.006024927366524935,0.00017485427088104188,0.013223247365191423,0.05913615971803665,0.041160911321640015
2290,20,0.00502029387280345,0.0001802213810151443,0.013424655713095375,0.06003688648343086,0.04229866713285446
2291,20,0.005625841207802296,0.00020289332314860076,0.01424406273324436,0.06370138376951218,0.04487237334251404
2292,20,0.005231925752013922,0.0001680405403021723,0.012963045178590265,0.057972501963377,0.04333174228668213
2293,20,0.005479349754750729,0.00017561379354447126,0.013251935464092453,0.05926446244120598,0.04202616587281227
2294,20,0.005231289193034172,0.00018919626018032432,0.013754863146550179,0.061513617634773254,0.04376841336488724
2295,20,0.005926030687987804,0.00018721530796028674,0.01368266450514251,0.06119073927402496,0.045808758586645126
2296,20,0.0053145019337534904,0.00016630886238999665,0.012896079341799841,0.05767301842570305,0.042240217328071594
2297,20,0.008166640996932983,0.00021372633636929095,0.01461938221571934,0.06537986546754837,0.046031609177589417
2298,20,0.005046688951551914,0.00018101432942785323,0.013454156585526022,0.06016881763935089,0.042662113904953
2299,20,0.0066460175439715385,0.00020430501899681985,0.014293530669390955,0.06392261385917664,0.044158145785331726
2300,20,0.006068123038858175,0.00019660723046399653,0.014021670031205146,0.06270681321620941,0.045056071132421494
2301,20,0.004902947694063187,0.0001792551192920655,0.013388619021096443,0.0598757266998291,0.04320511221885681
2302,20,0.005778891034424305,0.00019344850443303585,0.013908576650147773,0.06220104917883873,0.04356143996119499
2303,20,0.005174528807401657,0.0001747454225551337,0.013219130930402865,0.05911774933338165,0.04166879877448082
2304,20,0.005454733036458492,0.0001785501663107425,0.013362266510990659,0.05975786969065666,0.043296582996845245
2305,20,0.005375524517148733,0.0001835508446674794,0.013548093765082946,0.06058891490101814,0.04286365583539009
2306,20,0.004849853925406933,0.00017581853899173439,0.013259658328619722,0.05929899588227272,0.04198790714144707
2307,20,0.005354365799576044,0.00018893694505095482,0.013745433607236799,0.061471447348594666,0.04386496916413307
2308,20,0.005317992530763149,0.00016719140694476664,0.012930251619545795,0.05782584100961685,0.04127546772360802
2309,20,0.00576903996989131,0.00019132267334498465,0.01383194394671207,0.06185832992196083,0.043972209095954895
2310,20,0.006346583366394043,0.00018548154912423342,0.013619161102073557,0.06090674176812172,0.04271118715405464
2311,20,0.005770934280008078,0.0001894487941171974,0.013764039890860438,0.06155465915799141,0.04401467740535736
2312,20,0.0059177083894610405,0.00018547041690908372,0.013618752399140082,0.06090491637587547,0.044316817075014114
2313,20,0.005382565315812826,0.00018451799405738711,0.013583740061462716,0.06074833124876022,0.04539146274328232
2314,20,0.005247744731605053,0.00014453069888986647,0.01202209211784149,0.053764428943395615,0.03901306912302971
2315,20,0.004996041301637888,0.00015614712901879102,0.012495884483252517,0.055883292108774185,0.04068870097398758
2316,20,0.0050376481376588345,0.00016531342407688498,0.01285742680620368,0.05750016123056412,0.04167352616786957
2317,20,0.005225008353590965,0.00017232194659300148,0.013127145409151279,0.0587063767015934,0.042151689529418945
2318,20,0.004965555388480425,0.00016627911827526987,0.012894926067072656,0.05766786262392998,0.04101460427045822
2319,20,0.005231843329966068,0.00017439514340367168,0.013205875336518654,0.05905846878886223,0.043297506868839264
2320,20,0.005065582692623138,0.0001393473066855222,0.011804546017764605,0.0527915395796299,0.03716310113668442
2321,20,0.0051347920671105385,0.0001810403191484511,0.013455122412986478,0.06017313525080681,0.043568167835474014
2322,20,0.004937935620546341,0.0001681162539171055,0.01296596521347738,0.05798555910587311,0.041394565254449844
2323,20,0.00451102526858449,0.00017018013750202954,0.013045310939262028,0.0583404041826725,0.042813289910554886
2324,20,0.004928636830300093,0.00017327135719824582,0.013163257848961473,0.05886787548661232,0.04244011640548706
2325,20,0.005241962615400553,0.00017593703523743898,0.01326412587536167,0.05931897461414337,0.043091658502817154
2326,20,0.005322310142219067,0.00016128220886457711,0.012699693258680585,0.05679475516080856,0.04174012318253517
2327,20,0.005044249352067709,0.0001711859367787838,0.013083804369478466,0.058512553572654724,0.042944926768541336
2328,20,0.0049117328599095345,0.00017036093049682677,0.013052238524361512,0.05837138742208481,0.04320036992430687
2329,20,0.005446388386189938,0.0001752448733896017,0.013238008664055244,0.0592021718621254,0.04175717011094093
2330,20,0.004527591168880463,0.00016098329797387123,0.01268791937134971,0.0567421019077301,0.040989190340042114
2331,20,0.005486853886395693,0.00017522259440738708,0.013237167159456251,0.05919840931892395,0.04367595538496971
2332,20,0.004773410968482494,0.00016355057596229017,0.012788689376253149,0.05719275772571564,0.04300421103835106
2333,20,0.004905925132334232,0.00016071691061370075,0.01267741734793411,0.056695133447647095,0.04125330597162247
2334,20,0.005321274511516094,0.00015896378317847848,0.012608084040744592,0.056385066360235214,0.04136055335402489
2335,20,0.005027457140386105,0.00016066768148448318,0.01267547559204321,0.05668644979596138,0.04030068963766098
2336,20,0.005456991493701935,0.0001982079993467778,0.014078636274397382,0.06296157091856003,0.047355834394693375
2337,20,0.004710592795163393,0.00017031167226377875,0.013050351422999257,0.058362942188978195,0.041226282715797424
2338,20,0.00468484777957201,0.00017002280219458044,0.013039279205331116,0.05831342935562134,0.041937876492738724
2339,20,0.0054967282339930534,0.00016619609959889203,0.01289170662088197,0.05765346437692642,0.04333701729774475
2340,20,0.004940137732774019,0.00017097867385018617,0.013075881379478255,0.058477118611335754,0.04130750149488449
2341,20,0.0050221942365169525,0.00016278520342893898,0.012758730478732553,0.057058773934841156,0.040162138640880585
2342,20,0.0045901197008788586,0.00016888829122763127,0.012995702798526567,0.0581185519695282,0.04130756855010986
2343,20,0.004700514487922192,0.0001572080800542608,0.012538264634879134,0.05607282370328903,0.03974558413028717
2344,20,0.004516390152275562,0.00016947959375102073,0.013018432845431924,0.05822020396590233,0.041704729199409485
2345,20,0.005204085260629654,0.00017724212375469506,0.013313231153806917,0.0595385804772377,0.04218168556690216
2346,20,0.007756649516522884,0.00020951335318386555,0.01447457609686258,0.06473227590322495,0.04387769475579262
2347,20,0.004561750218272209,0.00016562452947255224,0.012869519395554453,0.05755423754453659,0.04145989567041397
2348,20,0.004910389427095652,0.00016880473413039,0.012992487603626566,0.05810416862368584,0.041308142244815826
2349,20,0.005409746430814266,0.0001784056075848639,0.013356856201399486,0.05973367393016815,0.043629854917526245
2350,20,0.00492157693952322,0.00015733185864519328,0.012543199697254018,0.05609489604830742,0.04013998806476593
2351,20,0.004850015509873629,0.0001689170894678682,0.012996810742173182,0.05812350660562515,0.04211726039648056
2352,20,0.005288868211209774,0.00017652404494583607,0.013286235168242209,0.05941785126924515,0.044806186109781265
2353,20,0.005747136659920216,0.00017951216432265937,0.013398214967773108,0.059918638318777084,0.04283378645777702
2354,20,0.005285809747874737,0.0001714271929813549,0.01309302077373113,0.05855377018451691,0.042330052703619
2355,20,0.005276538897305727,0.0001676469255471602,0.012947854090433681,0.05790456011891365,0.041135091334581375
2356,20,0.004913856275379658,0.00016839044110383838,0.012976534248551821,0.05803282558917999,0.043281543999910355
2357,20,0.004881901200860739,0.00016205415886361152,0.012730049444664836,0.05693051218986511,0.04141078144311905
2358,20,0.0047123366966843605,0.00016446030349470675,0.012824207714112664,0.057351600378751755,0.04080895707011223
2359,20,0.004705050028860569,0.00016017540474422276,0.012656042222757586,0.056599538773298264,0.04060584306716919
2360,20,0.006039217580109835,0.00017997840768657625,0.013415603142854825,0.05999640375375748,0.04393039643764496
2361,20,0.00521452073007822,0.00015870423521846533,0.01259778691748933,0.05633901432156563,0.04009381681680679
2362,20,0.0051190354861319065,0.00016749530914239585,0.012941997880636352,0.05787837505340576,0.04116576164960861
2363,20,0.0047594355419278145,0.00016162602696567774,0.012713222524823426,0.05685526505112648,0.04071090742945671
2364,20,0.004883573390543461,0.0001695429382380098,0.013020865494966524,0.05823108181357384,0.041326701641082764
2365,20,0.004987166728824377,0.00015725249249953777,0.012540035586055478,0.056080739945173264,0.04060624539852142
2366,20,0.005131780169904232,0.00017768997349776328,0.013330040266171865,0.059613753110170364,0.043162353336811066
2367,20,0.00529655534774065,0.00017425585247110575,0.013200600458733147,0.05903488025069237,0.04170398414134979
2368,20,0.005084295757114887,0.00016955018509179354,0.013021143770490884,0.058232326060533524,0.04111772030591965
2369,20,0.005601820535957813,0.0001707137853372842,0.013065748556331712,0.058431804180145264,0.042332734912633896
2370,20,0.005300512537360191,0.00016464637883473188,0.012831460510586154,0.05738403648138046,0.04187140613794327
2371,20,0.005674717016518116,0.00018427244503982365,0.013574698708988853,0.06070789694786072,0.04407484456896782
2372,20,0.005346833728253841,0.00017220918380189687,0.013122849682972707,0.05868716910481453,0.04234432056546211
2373,20,0.004994007293134928,0.00016332727682311088,0.012779956057166662,0.05715370178222656,0.04149568825960159
2374,20,0.005195300560444593,0.0001767037174431607,0.013292995051648847,0.059448082000017166,0.043405935168266296
2375,20,0.005164033267647028,0.00017680411110632122,0.013296770702178827,0.059464968740940094,0.042593859136104584
2376,20,0.004578516818583012,0.0001670593919698149,0.012925145723349308,0.05780300870537758,0.04227196052670479
2377,20,0.004739540629088879,0.00016656724619679153,0.012906093374712253,0.05771780386567116,0.042191460728645325
2378,20,0.005305604077875614,0.000169066057424061,0.013002540421935284,0.058149125427007675,0.04238751158118248
2379,20,0.004733801819384098,0.00016969189164228737,0.013026584035820264,0.05825665220618248,0.0425623394548893
2380,20,0.005177355371415615,0.0001594755594851449,0.012628363293995977,0.05647575855255127,0.041131287813186646
2381,20,0.004969149827957153,0.00016734551172703505,0.01293620932603655,0.05785248801112175,0.04177610203623772
2382,20,0.004900668747723103,0.0001698173873592168,0.013031400053686358,0.058278195559978485,0.042288947850465775
2383,20,0.0048457239754498005,0.00015981677279341966,0.012641865874680828,0.05653614178299904,0.040170520544052124
2384,20,0.004613901488482952,0.000162747863214463,0.012757267074670146,0.05705223232507706,0.04063807427883148
2385,20,0.005414746701717377,0.00018057024863082916,0.013437642971549332,0.06009496748447418,0.04267541319131851
2386,20,0.004748035222291946,0.00016446372319478542,0.012824341043296744,0.05735219269990921,0.04261961951851845
2387,20,0.00557458633556962,0.0001637395762372762,0.012796076595475513,0.0572257936000824,0.04206746444106102
2388,20,0.005027852952480316,0.00017772134742699564,0.01333121702722582,0.05961901694536209,0.043646637350320816
2389,20,0.004789353813976049,0.0001609411701792851,0.012686259108944808,0.05673467740416527,0.04002583026885986
2390,20,0.005116918124258518,0.0001625339937163517,0.01274888205751201,0.05701473355293274,0.04058682173490524
2391,20,0.00466318940743804,0.0001531597226858139,0.012375771599614059,0.055346131324768066,0.04032699763774872
2392,20,0.00503400806337595,0.00018030870705842972,0.013427907769210724,0.06005143001675606,0.04413960874080658
2393,20,0.0052129835821688175,0.00016790104564279318,0.012957663587344487,0.057948432862758636,0.04249292239546776
2394,20,0.005022887140512466,0.00015985853679012507,0.012643517579776803,0.05654352903366089,0.04128872975707054
2395,20,0.00525264535099268,0.00016136784688569605,0.01270306446829646,0.05680983141064644,0.042250856757164
2396,20,0.0056589567102491856,0.00016305546159856021,0.012769317193905092,0.05710612237453461,0.04161978140473366
2397,20,0.004994593095034361,0.00016847399820107967,0.012979753395233658,0.05804722383618355,0.04092250019311905
2398,20,0.004980648867785931,0.00015454970707651228,0.012431802245712898,0.05559670925140381,0.04031741991639137
2399,20,0.004868303891271353,0.00015545349742751569,0.012468099190635101,0.05575903505086899,0.039606183767318726
2400,20,0.005087921861559153,0.00015387815074063838,0.01240476322791525,0.05547579005360603,0.03907589986920357
2401,20,0.004947636276483536,0.00016980078362394124,0.013030762971673656,0.05827534571290016,0.04132943972945213
2402,20,0.005014988128095865,0.0001733576791593805,0.013166536338740743,0.058882538229227066,0.042859114706516266
2403,20,0.004943527281284332,0.00016807667270768434,0.012964438773340107,0.05797873064875603,0.0419062003493309
2404,20,0.005638181231915951,0.00015735047054477036,0.012543941587267153,0.05609821155667305,0.04110882803797722
2405,20,0.005189723335206509,0.00017773834406398237,0.01333185448705402,0.059621866792440414,0.04213566333055496
2406,20,0.005551469512283802,0.00016636739019304514,0.012898348351360538,0.05768316611647606,0.04148741066455841
2407,20,0.004950813017785549,0.00017146291793324053,0.01309438497728093,0.05855986848473549,0.042621444910764694
2408,20,0.00533499289304018,0.00017584247689228505,0.013260560956923543,0.059303030371665955,0.04180426523089409
2409,20,0.0054844943806529045,0.00019078186596743762,0.013812380894235346,0.06177084892988205,0.046411339193582535
2410,20,0.004890234209597111,0.00016950150893535465,0.013019274516475741,0.058223966509103775,0.04270812124013901
2411,20,0.005561305675655603,0.0001807602820917964,0.013444712049419147,0.06012658029794693,0.043250441551208496
2412,20,0.004729156382381916,0.00016511857393197715,0.012849847233799208,0.05746626853942871,0.04123301059007645
2413,20,0.004872112534940243,0.00015986210200935602,0.012643658568996397,0.05654415860772133,0.04254833981394768
2414,20,0.004610407166182995,0.00016504907398484647,0.012847142638923508,0.05745416879653931,0.042092353105545044
2415,20,0.004925983492285013,0.0001548996806377545,0.01244587002333523,0.05565962567925453,0.040150392800569534
2416,20,0.004732135217636824,0.00016801280435174704,0.012961975325996692,0.057967714965343475,0.042136870324611664
2417,20,0.004767751321196556,0.0001684966846369207,0.012980627282104694,0.058051131665706635,0.04195687174797058
2418,20,0.004704904276877642,0.00016027055971790105,0.01265980093516091,0.05661635100841522,0.041420064866542816
2419,20,0.0055049411021173,0.00016701300046406686,0.012923350976587568,0.05779498443007469,0.042131345719099045
2420,20,0.00641730148345232,0.0001937597116921097,0.013919759756982506,0.06225105747580528,0.04431060701608658
2421,20,0.004916729871183634,0.00016562212840653956,0.012869426110224945,0.05755382403731346,0.041798390448093414
2422,20,0.005646113306283951,0.0001708311028778553,0.013070237292331586,0.058451876044273376,0.0406653992831707
2423,20,0.005466604605317116,0.000162110009114258,0.012732242894095996,0.05694032087922096,0.04107869789004326
2424,20,0.006099014077335596,0.00019420577154960483,0.013935773087618957,0.062322668731212616,0.04499092325568199
2425,20,0.005162940360605717,0.00017686390492599458,0.01329901894599728,0.059475019574165344,0.04197903349995613
2426,20,0.006221719551831484,0.00016398393199779093,0.012805621109410935,0.057268477976322174,0.040795303881168365
2427,20,0.005829024128615856,0.00014635335537604988,0.012097659086618778,0.054102376103401184,0.03959488868713379
2428,20,0.005570153705775738,0.00016329955542460084,0.012778871445655943,0.05714884772896767,0.04070070758461952
2429,20,0.00740354647859931,0.00018644670490175486,0.013654548872143483,0.06106499955058098,0.04116147756576538
2430,20,0.005401573143899441,0.00016952797886915505,0.013020291043949634,0.0582285113632679,0.041303277015686035
2431,20,0.0058423979207873344,0.00015462221927009523,0.012434718302804258,0.055609751492738724,0.03963441401720047
2432,20,0.005907136015594006,0.00017651294183451682,0.013285817319025459,0.05941598117351532,0.04286022484302521
2433,20,0.005538502242416143,0.00013861483603250235,0.011773480200539786,0.05265260487794876,0.03741416707634926
2434,20,0.006130625959485769,0.00015780974354129285,0.01256223481476496,0.05618002265691757,0.04162466898560524
2435,20,0.00577669870108366,0.00014318533067125827,0.011966007298646372,0.05351361259818077,0.03713442012667656
2436,20,0.006049617193639278,0.0001696030085440725,0.0130231719847383,0.05824139714241028,0.04195541888475418
2437,20,0.00630353856831789,0.00018152630946133286,0.013473169985617076,0.060253847390413284,0.04221217334270477
2438,20,0.005895975045859814,0.00017466236022301018,0.013215988809885176,0.059103697538375854,0.041829049587249756
2439,20,0.0061141070909798145,0.0001643662399146706,0.012820539766900245,0.05733519420027733,0.0399150587618351
2440,20,0.006402518600225449,0.00012655634782277048,0.011249726566577984,0.05031030625104904,0.033878058195114136
2441,20,0.005891734268516302,0.0001802482147468254,0.013425655095630358,0.06004135683178902,0.04209936782717705
2442,20,0.0059769186191260815,0.00016944040544331074,0.013016927649922263,0.05821346864104271,0.04318168759346008
2443,20,0.005564074032008648,0.00017843206296674907,0.013357846494354885,0.05973810702562332,0.04354546219110489
2444,20,0.006209231447428465,0.00016268975741695613,0.012754989510656452,0.05704204738140106,0.038842201232910156
2445,20,0.005929312668740749,0.00016828665684442967,0.0129725347116294,0.05801494047045708,0.04432305321097374
2446,20,0.005956182722002268,0.00017041558749042451,0.01305433213498203,0.05838074907660484,0.0422583743929863
2447,20,0.004892881028354168,0.00015823787543922663,0.012579263708151866,0.05625617504119873,0.039740100502967834
2448,20,0.005265363957732916,0.0001776970166247338,0.013330304446063255,0.05961493402719498,0.04288678988814354
2449,20,0.005021756049245596,0.0001693403028184548,0.013013081987694337,0.05819626897573471,0.042024265974760056
2450,20,0.005627066362649202,0.00018289213767275214,0.013523761964510916,0.06048009917140007,0.04291575402021408
2451,20,0.005352622363716364,0.00018189784896094352,0.013486951062450828,0.06031547859311104,0.04253777489066124
2452,20,0.004996641539037228,0.00018291054584551603,0.013524442533632062,0.060483142733573914,0.04269760102033615
2453,20,0.006110908929258585,0.00019213878840673715,0.013861413651094074,0.061990123242139816,0.044030096381902695
2454,20,0.005248285364359617,0.0001867537503130734,0.013665787584807302,0.06111526116728783,0.043154969811439514
2455,20,0.005391726735979319,0.00018589671526569873,0.013634394569092488,0.06097486615180969,0.04396144300699234
2456,20,0.005407854914665222,0.00018351433391217142,0.013546746248164961,0.06058289110660553,0.042835742235183716
2457,20,0.005269703920930624,0.0001819933095248416,0.013490489595446178,0.060331303626298904,0.04321780428290367
2458,20,0.0052018254064023495,0.00016903349023777992,0.013001288022260714,0.05814352631568909,0.04116467386484146
2459,20,0.005684844218194485,0.0001958749198820442,0.01399553214000969,0.06258992105722427,0.0445898100733757
2460,20,0.0054460009559988976,0.0001889448903966695,0.01374572262184384,0.06147274002432823,0.04437962546944618
2461,20,0.005005496554076672,0.0001862908247858286,0.013648839686428608,0.06103946641087532,0.04348010942339897
2462,20,0.004932177718728781,0.00017358081822749227,0.01317500733310962,0.058920424431562424,0.04331246018409729
2463,20,0.0048613520339131355,0.00018161578918807209,0.013476490239972426,0.060268692672252655,0.042851533740758896
2464,20,0.005023558624088764,0.00017365140956826508,0.013177686047567876,0.05893240496516228,0.04168081283569336
2465,20,0.005040244199335575,0.00017057792865671217,0.01306054855879768,0.05840854346752167,0.042326103895902634
2466,20,0.004699395503848791,0.00016820328892208636,0.012969321066350634,0.05800056457519531,0.04184659942984581
2467,20,0.005327423103153706,0.00017490723985247314,0.013225250086575798,0.059145115315914154,0.042028505355119705
2468,20,0.0049657924100756645,0.00016760949802119285,0.012946408692034747,0.05789810046553612,0.041960082948207855
2469,20,0.004955854266881943,0.00017408498388249427,0.01319412687078968,0.05900592729449272,0.042807355523109436
2470,20,0.0051294476725161076,0.0001750350056681782,0.013230079579056893,0.059166718274354935,0.04209873452782631
2471,20,0.005134264938533306,0.00017001251399051398,0.013038884691203997,0.058311667293310165,0.04176110774278641
2472,20,0.004918266553431749,0.00017096198280341923,0.013075243125977399,0.05847426503896713,0.04264333099126816
2473,20,0.004572627600282431,0.00017191239749081433,0.013111536808887596,0.05863657593727112,0.041953861713409424
2474,20,0.004898427985608578,0.00017416648915968835,0.013197215204719833,0.05901974067091942,0.04294215142726898
2475,20,0.004983642138540745,0.00016931837308220565,0.01301223935693644,0.058192502707242966,0.041759032756090164
2476,20,0.005066372454166412,0.00017513593775220215,0.013233893522021482,0.059183768928050995,0.04290895164012909
2477,20,0.005015845410525799,0.00016664939175825566,0.012909275415694548,0.05773203447461128,0.042372316122055054
2478,20,0.005082735326141119,0.00018251061555929482,0.013509648979869714,0.06041698530316353,0.04430192708969116
2479,20,0.004785476718097925,0.00017616761033423245,0.013272814710310412,0.05935783311724663,0.04302278161048889
2480,20,0.005040811840444803,0.00017498768283985555,0.013228291002236667,0.05915872007608414,0.043686509132385254
2481,20,0.0049706874415278435,0.00018590987019706517,0.013634876977701896,0.0609770230948925,0.04358194023370743
2482,20,0.004890664480626583,0.0001790659298421815,0.013381551847307603,0.05984411761164665,0.04268179461359978
2483,20,0.005125786177814007,0.0001827128289733082,0.013517130944594278,0.06045044586062431,0.04348508641123772
2484,20,0.005532796029001474,0.00018395257939118892,0.01356291190678421,0.06065518409013748,0.0436575673520565
2485,20,0.005683009512722492,0.00018006209575105458,0.013418721837457343,0.06001035124063492,0.042631980031728745
2486,20,0.004872902296483517,0.0001757875143084675,0.013258488387009566,0.05929376184940338,0.04256223887205124
2487,20,0.005009041633456945,0.00017790637502912432,0.013338154858492397,0.05965004116296768,0.04291287437081337
2488,20,0.005026731640100479,0.00017925779684446752,0.013388719014322002,0.05987617373466492,0.043543726205825806
2489,20,0.005178568884730339,0.00014509040920529515,0.012045348031721423,0.05386843532323837,0.0410616397857666
2490,20,0.0057757883332669735,0.0001754106633597985,0.013244269076087155,0.059230174869298935,0.04328490421175957
2491,20,0.005177689716219902,0.00018311780877411366,0.013532102895489439,0.06051740422844887,0.04358133673667908
2492,20,0.005435144994407892,0.00017514410137664527,0.01323420195465693,0.059185151010751724,0.04209422692656517
2493,20,0.005136679857969284,0.00017257574654649943,0.013136808841819211,0.058749593794345856,0.041623689234256744
2494,20,0.004926785361021757,0.0001746114285197109,0.013214061772207322,0.059095077216625214,0.04276111721992493
2495,20,0.00550392409786582,0.00018109653319697827,0.013457211196863125,0.06018247827887535,0.0424610935151577
2496,20,0.004816458560526371,0.00016572457388974726,0.012873405683413665,0.057571616023778915,0.040738582611083984
2497,20,0.005500839091837406,0.0001793124683899805,0.013390760560549967,0.05988530069589615,0.04280805215239525
2498,20,0.0049545252695679665,0.00017327592649962753,0.013163431410526191,0.0588686540722847,0.042209871113300323
2499,20,0.005224202759563923,0.00017828281852416694,0.013352258929640592,0.05971311777830124,0.0444333516061306
2500,20,0.005200025625526905,0.0001714122190605849,0.013092448932899639,0.05855121091008186,0.04232364520430565
2501,20,0.0052219899371266365,0.0001828035747166723,0.013520487221867128,0.060465458780527115,0.042741358280181885
2502,20,0.004908897913992405,0.00017681531608104706,0.013297192037458399,0.05946685001254082,0.0430537685751915
2503,20,0.005315947346389294,0.0001688054035184905,0.01299251336418364,0.05810428783297539,0.04141581058502197
2504,20,0.005067977122962475,0.00017241958994418383,0.013130864021235762,0.05872301012277603,0.0432545468211174
2505,20,0.005022839177399874,0.00017404879326932132,0.013192755332731723,0.05899979546666145,0.04208698496222496
2506,20,0.004624208901077509,0.00017245409253519028,0.013132177752954393,0.058728884905576706,0.042063936591148376
2507,20,0.005036396440118551,0.00017484163981862366,0.013222769748378124,0.05913402512669563,0.04186762124300003
2508,20,0.004625321365892887,0.00017035302880685776,0.013051935826032006,0.05837003141641617,0.04176902770996094
2509,20,0.004756434354931116,0.000169939681654796,0.013036091502240846,0.058299172669649124,0.04127955436706543
2510,20,0.005560165271162987,0.00017801175999920815,0.013342104781450644,0.05966770648956299,0.042015522718429565
2511,20,0.004793811589479446,0.00016363280883524567,0.012791904034788788,0.0572071336209774,0.04083959013223648
2512,20,0.00488655362278223,0.0001650906342547387,0.012848760027906922,0.05746140331029892,0.04058290645480156
2513,20,0.004640338011085987,0.00016579916700720787,0.01287630253633425,0.057584576308727264,0.04083577170968056
2514,20,0.005616194102913141,0.000179703623871319,0.013405358028464551,0.0599505789577961,0.041975390166044235
2515,20,0.004540476948022842,0.0001674590166658163,0.01294059568434994,0.05787210166454315,0.041201598942279816
2516,20,0.004976513795554638,0.00016933052393142134,0.013012706249332663,0.058194588869810104,0.04215087369084358
2517,20,0.005252246279269457,0.00017559691332280636,0.01325129855232333,0.05926160514354706,0.04189543426036835
2518,20,0.005099950823932886,0.00016743138257879764,0.012939527911743829,0.057867325842380524,0.041015151888132095
2519,20,0.005049244500696659,0.00016992830205708742,0.013035655029843626,0.05829722434282303,0.04135945439338684
2520,20,0.004832034930586815,0.0001716006372589618,0.013099642638597505,0.05858338251709938,0.04225481301546097
2521,20,0.004953333176672459,0.00016846992366481572,0.0129795964369011,0.05804651975631714,0.04223240911960602
2522,20,0.005323236342519522,0.0001718374842312187,0.013108679728760585,0.058623798191547394,0.04265088215470314
2523,20,0.005123143084347248,0.00017628385103307664,0.013277192889804555,0.059377413243055344,0.0421951562166214
2524,20,0.005068613216280937,0.00017325588851235807,0.01316267026527513,0.0588652528822422,0.04167858138680458
2525,20,0.00488806189969182,0.00016101845540106297,0.012689304764291184,0.05674830079078674,0.04016729071736336
2526,20,0.0051730964332818985,0.00017022245447151363,0.013046932761055896,0.058347657322883606,0.04154861345887184
2527,20,0.004959090147167444,0.00016836076974868774,0.012975390928549619,0.058027710765600204,0.04105757921934128
2528,20,0.005238402634859085,0.00017156600370071828,0.013098320644293233,0.05857747048139572,0.042465001344680786
2529,20,0.005008276551961899,0.0001688889169599861,0.012995726873091251,0.058118660002946854,0.041242122650146484
2530,20,0.005133235361427069,0.00017059469246305525,0.013061190315704586,0.05841142311692238,0.04222781956195831
2531,20,0.004667314700782299,0.00015898437413852662,0.012608900591983689,0.05638871714472771,0.04195515066385269
2532,20,0.004727598279714584,0.00014844669203739613,0.012183870158426514,0.0544879250228405,0.041041988879442215
2533,20,0.0055254544131457806,0.0001611453335499391,0.012694303192768758,0.056770648807287216,0.04324478656053543
2534,20,0.004308934323489666,0.0001359893212793395,0.01166144593433162,0.052151571959257126,0.04048236832022667
2535,20,0.004794701002538204,0.00015142731717787683,0.012305580733060786,0.05503223091363907,0.04197700321674347
2536,20,0.004168553743511438,0.0001377805892843753,0.011737997669295019,0.05249391868710518,0.04082702845335007
2537,20,0.004599916748702526,0.00014178032870404422,0.011907154517517787,0.05325041338801384,0.041890162974596024
2538,20,0.004338321276009083,0.00013640061661135405,0.01167906745469663,0.05223037675023079,0.04054918512701988
2539,20,0.005136264022439718,0.0001403556962031871,0.011847180939075216,0.05298220366239548,0.0413907915353775
2540,20,0.0051788934506475925,0.0001386773365084082,0.011776134192017692,0.05266447737812996,0.041858162730932236
2541,20,0.004635638557374477,0.00012494616385083646,0.011177932002424977,0.049989230930805206,0.04086560383439064
2542,20,0.00452282652258873,0.00012110072566429153,0.011004577486859344,0.049213964492082596,0.04066183790564537
2543,20,0.0038043640088289976,0.00011231731332372874,0.01059798628625876,0.04739563539624214,0.04090140759944916
2544,20,0.004655058961361647,0.00011616268602665514,0.010777879477274514,0.04820014163851738,0.04138711839914322
2545,20,0.004008011426776648,0.0001088348071789369,0.010432392207875282,0.04665507376194,0.04234931245446205
2546,20,0.003847964806482196,0.00010596143692964688,0.01029375718237257,0.04603508114814758,0.04227885231375694
2547,20,0.0038208975456655025,0.00010551897867117077,0.01027224311779909,0.04593886807560921,0.041538823395967484
2548,20,0.00394762959331274,0.00010605945863062516,0.0102985173025356,0.046056367456912994,0.04215423762798309
2549,20,0.0037918079178780317,0.00010385670611867681,0.010191011044968836,0.0455755852162838,0.04125159606337547
2550,20,0.004800193943083286,0.0001260310527868569,0.011226355276172979,0.050205785781145096,0.046288054436445236
2551,20,0.0047927675768733025,0.00011434446787461638,0.010693197270910903,0.04782143607735634,0.043165117502212524
2552,20,0.0038342929910868406,9.576528100296855e-05,0.009785973687015951,0.043764207512140274,0.03979019820690155
2553,20,0.0036394570488482714,0.00010042049689218402,0.010021002788752432,0.04481528699398041,0.04086229205131531
2554,20,0.0037708960007876158,0.00010035227751359344,0.010017598390512241,0.044800061732530594,0.041082680225372314
2555,20,0.003881267039105296,0.0001054490712704137,0.010268839821051534,0.04592364653944969,0.04143010824918747
2556,20,0.0040821498259902,0.00011117172834929079,0.01054380046991078,0.04715330898761749,0.04354248195886612
2557,20,0.003798150923103094,0.0001002988065010868,0.010014929181032025,0.04478812962770462,0.04099273309111595
2558,20,0.003604452358558774,9.899454744299874e-05,0.009949600365994543,0.04449596628546715,0.04117771238088608
2559,20,0.004176371265202761,0.000100737415777985,0.010036803065617309,0.04488594830036163,0.04078264534473419
2560,20,0.0037576337344944477,0.00010217425733571872,0.01010812828053338,0.045204922556877136,0.04162660986185074
2561,20,0.0043750968761742115,9.915797272697091e-05,0.009957809635003619,0.04453267902135849,0.04118698462843895
2562,20,0.004088704939931631,0.0001039966955431737,0.010197877011573228,0.04560629278421402,0.0433187335729599
2563,20,0.003764494089409709,9.646273974794894e-05,0.009821544672196373,0.043923281133174896,0.040821872651576996
2564,20,0.004420775454491377,0.0001145886053564027,0.01070460673525201,0.04787246137857437,0.04351716861128807
2565,20,0.003830478759482503,9.950096864486113e-05,0.00997501722529145,0.04460963234305382,0.04159921035170555
2566,20,0.0035296890418976545,9.234622848453e-05,0.009609694505265503,0.042975861579179764,0.04092682898044586
2567,20,0.003990849945694208,9.929364023264498e-05,0.009964619422368572,0.044563133269548416,0.041148148477077484
2568,20,0.003743896959349513,9.433807281311601e-05,0.009712778840945367,0.043436866253614426,0.04070524126291275
2569,20,0.003989289049059153,0.0001014906883938238,0.010074258701950422,0.04505345597863197,0.042568765580654144
2570,20,0.004139855038374662,0.00010651437332853675,0.01032058008682345,0.046155039221048355,0.0433499813079834
2571,20,0.003771059913560748,0.00010298273991793394,0.010148041186255303,0.04538341984152794,0.04271410033106804
2572,20,0.003328183200210333,9.809818584471941e-05,0.009904452829143031,0.04429405927658081,0.04195250943303108
2573,20,0.0034097074531018734,9.455430699745193e-05,0.009723903896967099,0.04348662123084068,0.0409969687461853
2574,20,0.0037127144169062376,9.520466846879572e-05,0.00975728796688894,0.04363591596484184,0.040152259171009064
2575,20,0.003984683658927679,0.0001113965263357386,0.010554455283705483,0.04720095545053482,0.044855546206235886
2576,20,0.003684287890791893,9.918554860632867e-05,0.009959194174546888,0.044538870453834534,0.041767556220293045
2577,20,0.003827576758340001,9.299359953729436e-05,0.00964331890675064,0.04312623664736748,0.040536969900131226
2578,20,0.0035811145789921284,8.954254735726863e-05,0.009462692394729348,0.042318444699048996,0.03987487405538559
2579,20,0.0037949245888739824,9.358791430713609e-05,0.009674084675416899,0.04326382279396057,0.04078579694032669
2580,20,0.00347890448756516,9.485751070315018e-05,0.009739482055178817,0.04355628788471222,0.04122614860534668
2581,20,0.003476735670119524,9.085686906473711e-05,0.009531886962440181,0.04262789711356163,0.040495503693819046
2582,20,0.004046750254929066,9.50126996031031e-05,0.009747445798931283,0.043591901659965515,0.04033081978559494
2583,20,0.003675424959510565,9.265494009014219e-05,0.00962574361232119,0.04304763674736023,0.04056709632277489
2584,20,0.0037720550317317247,8.402274397667497e-05,0.00916639209158516,0.040993351489305496,0.037922803312540054
2585,20,0.004031983204185963,9.417205001227558e-05,0.009704228460432883,0.04339862987399101,0.041183795779943466
2586,20,0.004205649718642235,9.680903167463839e-05,0.00983915807753074,0.04400205239653587,0.04067280516028404
2587,20,0.0038501638919115067,8.978250116342679e-05,0.009475362851280514,0.0423751100897789,0.039980001747608185
2588,20,0.004229331389069557,9.812810458242893e-05,0.009905963082024329,0.04430081322789192,0.04089900851249695
2589,20,0.004196249879896641,9.593275899533182e-05,0.009794526991913995,0.04380245879292488,0.04062383249402046
2590,20,0.004552059806883335,9.80888944468461e-05,0.009903983766487408,0.044291961938142776,0.040026165544986725
2591,20,0.004159094300121069,9.989135287469253e-05,0.009994566167407794,0.04469705745577812,0.0412943959236145
2592,20,0.005123536102473736,0.00010726426262408495,0.010356846171691697,0.04631722345948219,0.040289007127285004
2593,20,0.004075176082551479,9.381634299643338e-05,0.009685883697238646,0.043316587805747986,0.03942745551466942
2594,20,0.00463900389149785,9.463178139412776e-05,0.009727886789746669,0.04350443184375763,0.038611382246017456
2595,20,0.003936667926609516,9.300579404225573e-05,0.009643951163410967,0.04312906414270401,0.03988347947597504
2596,20,0.0036758396308869123,9.642571967560798e-05,0.009819659855392546,0.043914854526519775,0.04087625816464424
2597,20,0.004019592888653278,9.826017776504159e-05,0.009912627187836814,0.044330619275569916,0.040665410459041595
2598,20,0.0036830429453402758,9.040288568940014e-05,0.009508043210324621,0.042521264404058456,0.03938983753323555
2599,20,0.0040730684995651245,9.634443995309994e-05,0.00981552036079086,0.04389634355902672,0.04047248139977455
2600,20,0.003933781757950783,9.140356269199401e-05,0.009560521047097486,0.04275595024228096,0.03953567147254944
2601,20,0.0037901648320257664,9.282558312406763e-05,0.009634603423289805,0.04308725520968437,0.04021843895316124
2602,20,0.004199341870844364,9.676565969130024e-05,0.00983695378108997,0.04399219527840614,0.04023319110274315
2603,20,0.004713288974016905,9.9697477708105e-05,0.0099848624281011,0.04465366154909134,0.03963034600019455
2604,20,0.004743562545627356,0.00010146586282644421,0.010073026497852779,0.04504794627428055,0.040079791098833084
2605,20,0.004477362614125013,9.936435526469722e-05,0.00996816709654775,0.044578999280929565,0.03946392238140106
2606,20,0.005414674524217844,0.00010091877629747614,0.010045833778113002,0.04492633044719696,0.03738453984260559
2607,20,0.004291251301765442,9.068535291589797e-05,0.00952288574518764,0.04258763790130615,0.03847610205411911
2608,20,0.0036366633139550686,8.398122736252844e-05,0.009164127201350299,0.04098322242498398,0.03812326490879059
2609,20,0.0038518819492310286,9.274995682062581e-05,0.009630677900367441,0.04306969791650772,0.04051469638943672
2610,20,0.004118859302252531,9.843775478657335e-05,0.009921580256520296,0.044370654970407486,0.041091419756412506
2611,20,0.0036729052662849426,9.011376823764294e-05,0.009492827199398656,0.04245321452617645,0.040022168308496475
2612,20,0.0036649121902883053,9.298961231252179e-05,0.00964311216944622,0.04312531277537346,0.04094892367720604
2613,20,0.004040198866277933,9.170328121399507e-05,0.009576183019031908,0.04282599315047264,0.03977297618985176
2614,20,0.003982458729296923,8.488046296406537e-05,0.009213059370484127,0.04120204970240593,0.03735901415348053
2615,20,0.004189492203295231,0.00010466219100635499,0.010230454095804104,0.04575198143720627,0.0429716520011425
2616,20,0.003390909405425191,8.99347141967155e-05,0.009483391492325702,0.042411014437675476,0.040469080209732056
2617,20,0.0040689618326723576,9.170663543045521e-05,0.009576358150698794,0.04282677546143532,0.03980112075805664
2618,20,0.003761437488719821,9.227443661075085e-05,0.00960595839105869,0.04295915365219116,0.040248673409223557
2619,20,0.004498607479035854,9.999494068324566e-05,0.009999747030962616,0.044720228761434555,0.04121020436286926
2620,20,0.004145346581935883,8.241532486863434e-05,0.009078288653079629,0.04059934243559837,0.03737952187657356
2621,20,0.0037171263247728348,9.24630876397714e-05,0.009615772857122375,0.04300304502248764,0.040506184101104736
2622,20,0.00459005031734705,0.00010094726167153567,0.010047251448607011,0.04493267089128494,0.04110690578818321
2623,20,0.0038399193435907364,9.515860438114032e-05,0.009754927184820003,0.043625358492136,0.04121861606836319
2624,20,0.0033318225760012865,9.121375478571281e-05,0.009550589237618421,0.0427115336060524,0.04030819237232208
2625,20,0.004346661269664764,8.564315066905692e-05,0.009254358468800359,0.04138674959540367,0.037941351532936096
2626,20,0.003669156227260828,9.275555203203112e-05,0.009630968384956475,0.04307100176811218,0.04032778739929199
2627,20,0.0039926087483763695,7.308808562811464e-05,0.008549157012718543,0.038232993334531784,0.033974919468164444
2628,20,0.0039495741948485374,9.283684630645439e-05,0.009635187922736868,0.04308987036347389,0.039882346987724304
2629,20,0.004055503290146589,9.196352038998157e-05,0.009589761226953545,0.04288671538233757,0.03900754451751709
2630,20,0.004172331653535366,9.166019299300388e-05,0.009573932995013275,0.042815931141376495,0.039403852075338364
2631,20,0.004264993593096733,8.975509263109416e-05,0.009473916435724676,0.04236864298582077,0.03822844475507736
2632,20,0.003471734467893839,9.251993469661102e-05,0.009618728330533668,0.04301626235246658,0.040507808327674866
2633,20,0.004531168844550848,9.87992825685069e-05,0.009939782823005084,0.044452063739299774,0.04005863517522812
2634,20,0.004074094817042351,9.256131306756288e-05,0.009620879017405992,0.04302587732672691,0.03999694436788559
2635,20,0.004131635185331106,9.452695667278022e-05,0.009722497450386922,0.04348032921552658,0.040086470544338226
2636,20,0.003499206155538559,8.72586460900493e-05,0.009341233649259036,0.04177526384592056,0.039600763469934464
2637,20,0.0037088543176651,9.274834883399308e-05,0.0096305944174798,0.04306932911276817,0.04046802967786789
2638,20,0.0038794665597379208,9.114266867982224e-05,0.00954686695622298,0.04269488900899887,0.039834048599004745
2639,20,0.003631066996604204,9.304036211688071e-05,0.00964574321226108,0.0431370735168457,0.04073740169405937
2640,20,0.003661559894680977,9.283835242968053e-05,0.009635266079858953,0.04309022054076195,0.04081026464700699
2641,20,0.003536628559231758,9.319948003394529e-05,0.009653987778837577,0.04317394644021988,0.04058954864740372
2642,20,0.004178944975137711,9.9286473414395e-05,0.009964259802634363,0.04456152021884918,0.0417415052652359
2643,20,0.0033827652223408222,9.462906018598005e-05,0.009727746922385474,0.04350380599498749,0.04120020195841789
2644,20,0.003546829102560878,0.00010053159348899499,0.010026544444074189,0.044840071350336075,0.04242389649152756
2645,20,0.003719757776707411,9.79085307335481e-05,0.009894873962489269,0.0442512221634388,0.04165096580982208
2646,20,0.0034711030311882496,9.12894174689427e-05,0.009554549569128976,0.04272924363613129,0.0404067188501358
2647,20,0.003428656142205,9.312274778494611e-05,0.009650012838589704,0.04315616935491562,0.04074186831712723
2648,20,0.004015396349132061,9.251733717974275e-05,0.009618593305662879,0.04301565885543823,0.03972272947430611
2649,20,0.0037326037418097258,8.509153121849522e-05,0.009224507098945461,0.04125325009226799,0.03887514770030975
2650,20,0.003627251135185361,8.918360981624573e-05,0.009443707419030183,0.04223354160785675,0.040586963295936584
2651,20,0.004234868101775646,8.833590982249007e-05,0.009398718520228706,0.04203234985470772,0.03781803324818611
2652,20,0.0031642080284655094,9.505912021268159e-05,0.00974982667603284,0.04360255226492882,0.04127722233533859
2653,20,0.0040588779374957085,9.66142542893067e-05,0.009829255022091282,0.04395776242017746,0.04077409952878952
2654,20,0.0036313992459326982,8.585835166741163e-05,0.0092659781818981,0.041438713669776917,0.038062985986471176
2655,20,0.003559571225196123,9.26975772017613e-05,0.009627958101371303,0.04305753856897354,0.039885152131319046
2656,20,0.004489975981414318,7.983202522154897e-05,0.008934876900190005,0.039957985281944275,0.03555813059210777
2657,20,0.00382818840444088,0.00010770354128908366,0.010378031667377184,0.046411965042352676,0.04420655220746994
2658,20,0.004525474272668362,9.616481838747859e-05,0.009806366217283475,0.04385540261864662,0.039793383330106735
2659,20,0.004219801165163517,8.991091453935951e-05,0.009482136602019584,0.042405400425195694,0.038959309458732605
2660,20,0.005050352308899164,0.00011723219358827919,0.010827381658936716,0.04842152073979378,0.044115714728832245
2661,20,0.004208184778690338,9.823613800108433e-05,0.009911414530786427,0.04432519152760506,0.04113293066620827
2662,20,0.004133078269660473,8.875048661138862e-05,0.009420747667323896,0.042130861431360245,0.03934162110090256
2663,20,0.004763751290738583,0.00010115017357748002,0.010057344260662454,0.044977810233831406,0.04098183661699295
2664,20,0.004227044526487589,9.086217323783785e-05,0.009532165191489174,0.04262913763523102,0.040307383984327316
2665,20,0.004043920896947384,9.004928142530844e-05,0.009489429984214459,0.042438022792339325,0.03904988616704941
2666,20,0.0037641413509845734,9.60878242040053e-05,0.009802439706726347,0.04383784532546997,0.04092324897646904
2667,20,0.004160454496741295,9.706271521281451e-05,0.009852041169870054,0.044059667736291885,0.040600817650556564
2668,20,0.00393573846668005,0.00010322395246475935,0.01015991892018629,0.04543653875589371,0.04250931367278099
2669,20,0.004165003541857004,9.918271098285913e-05,0.009959051711024456,0.0445382334291935,0.040927693247795105
2670,20,0.003838125616312027,9.509664232609794e-05,0.009751750731335268,0.043611153960227966,0.04024253040552139
2671,20,0.0040167225524783134,9.759928070707247e-05,0.009879234823966503,0.044181279838085175,0.0408933125436306
2672,20,0.0037321404088288546,9.111919644055888e-05,0.009545637560716354,0.04268939048051834,0.03987771272659302
2673,20,0.003574658650904894,9.291773312725127e-05,0.00963938447865066,0.04310863837599754,0.040607206523418427
2674,20,0.0037886283826082945,8.872088801581413e-05,0.009419176610288934,0.042123839259147644,0.038800280541181564
2675,20,0.004505711141973734,0.00010674728400772437,0.010331857722971429,0.04620547220110893,0.0434199795126915
2676,20,0.0033523105084896088,9.384720760863274e-05,0.009687476844288855,0.043323714286088943,0.04073961079120636
2677,20,0.004035663791000843,9.913565736496821e-05,0.009956689076443445,0.04452766850590706,0.04121674969792366
2678,20,0.004190067760646343,9.133791172644123e-05,0.009557086989582193,0.0427405908703804,0.03911485895514488
2679,20,0.003081792499870062,9.130167018156499e-05,0.009555190745430726,0.042732108384370804,0.04043755307793617
2680,20,0.0036837842781096697,9.394656808581203e-05,0.009692603782565964,0.04334664344787598,0.04043727368116379
2681,20,0.0037595995236188173,8.861538663040847e-05,0.009413574593660394,0.04209878668189049,0.03940102085471153
2682,20,0.0034438513685017824,9.025377221405506e-05,0.009500198535507301,0.04248617962002754,0.03959081321954727
2683,20,0.0038477368652820587,9.334066999144852e-05,0.009661297531462765,0.04320663586258888,0.04045654088258743
2684,20,0.004320682026445866,9.125524229602888e-05,0.00955276097764562,0.04272124543786049,0.03925164043903351
2685,20,0.003750457661226392,9.521939500700682e-05,0.00975804258071294,0.04363929107785225,0.04036368429660797
2686,20,0.004058261401951313,9.715336636872962e-05,0.009856640724340601,0.044080235064029694,0.040701039135456085
2687,20,0.004202333744615316,9.828568727243692e-05,0.009913913822120753,0.04433637112379074,0.04076160863041878
2688,20,0.0036057052202522755,9.545435750624165e-05,0.009770074590618112,0.04369310289621353,0.04102577641606331
2689,20,0.003747784299775958,9.160195622825995e-05,0.009570891088517304,0.04280232638120651,0.03961379453539848
2690,20,0.003176057245582342,8.927038288675249e-05,0.009448300529023856,0.04225408285856247,0.03983074426651001
2691,20,0.003598202718421817,9.223548840964213e-05,0.009603930883218712,0.04295008257031441,0.04027382284402847
2692,20,0.0035462831147015095,8.97372083272785e-05,0.009472972518026139,0.04236442223191261,0.03982323408126831
2693,20,0.003357519628480077,8.54565660119988e-05,0.009244272065014032,0.041341640055179596,0.03882201015949249
2694,20,0.0035796700976788998,8.885491115506738e-05,0.009426288302140318,0.04215564578771591,0.03925284370779991
2695,20,0.00398639403283596,9.460622095502913e-05,0.009726572929610364,0.043498557060956955,0.040347494184970856
2696,20,0.0037356396205723286,9.056395356310531e-05,0.009516509526244657,0.042559124529361725,0.040179092437028885
2697,20,0.0038458406925201416,8.815473120193928e-05,0.00938907509832248,0.041989218443632126,0.03862765431404114
2698,20,0.003452511038631201,9.236563346348703e-05,0.009610704108622168,0.0429803766310215,0.04039788618683815
2699,20,0.0036250005941838026,8.364750101463869e-05,0.009145900776557697,0.04090171307325363,0.0381242036819458
2700,20,0.0035010308492928743,8.809931023279205e-05,0.009386123280289475,0.04197601601481438,0.03912314772605896
2701,20,0.003530362620949745,8.559174602851272e-05,0.009251580731340603,0.0413743257522583,0.03843390941619873
2702,20,0.004079353995621204,8.885723218554631e-05,0.009426411416098191,0.042156193405389786,0.03911547735333443
2703,20,0.0033763330429792404,8.666001667734236e-05,0.009309136193941001,0.04163172096014023,0.039043739438056946
2704,20,0.003396733198314905,8.146886102622375e-05,0.009026010249618806,0.0403655469417572,0.03736249729990959
2705,20,0.003874127985909581,9.172417048830539e-05,0.009577273645892415,0.04283086955547333,0.03987583518028259
2706,20,0.0031493932474404573,8.549002814106643e-05,0.009246081772354517,0.041349735110998154,0.03920181468129158
2707,20,0.00331437517888844,8.544298179913312e-05,0.009243537299061065,0.04133835807442665,0.0387764573097229
2708,20,0.003922098316252232,9.460446744924411e-05,0.009726482789232915,0.04349815472960472,0.04016603156924248
2709,20,0.0034198302309960127,8.203442121157423e-05,0.009057285532187567,0.040505412966012955,0.037723854184150696
2710,20,0.0033964156173169613,7.910553540568799e-05,0.008894129266301901,0.03977575525641441,0.03674904257059097
2711,20,0.003384225768968463,8.261874609161168e-05,0.009089485469024728,0.0406494140625,0.03768567740917206
2712,20,0.003188601229339838,8.009235170902684e-05,0.008949433038412368,0.0400230810046196,0.03786212205886841
2713,20,0.003475453006103635,7.618191739311442e-05,0.008728225328960889,0.039033811539411545,0.03569032624363899
2714,20,0.003135044826194644,7.484502566512674e-05,0.00865130196358483,0.03868979588150978,0.035978447645902634
2715,20,0.003228927031159401,7.540630758740008e-05,0.008683680532320387,0.038834601640701294,0.035960178822278976
2716,20,0.0033860511612147093,7.479747728211805e-05,0.008648553479173152,0.038677506148815155,0.03561072424054146
2717,20,0.003192178439348936,6.881797162350267e-05,0.008295659806398927,0.03709931671619415,0.034306950867176056
2718,20,0.0031226135324686766,6.66443447698839e-05,0.008163598763405996,0.036508720368146896,0.0338016152381897
2719,20,0.003025093348696828,6.743412086507306e-05,0.008211828107374938,0.036724407225847244,0.03409699350595474
2720,20,0.0030689951963722706,6.974933057790622e-05,0.008351606466896427,0.03734951838850975,0.034473784267902374
2721,20,0.00362201826646924,7.250400085467845e-05,0.008514928117998323,0.038079917430877686,0.03381344676017761
2722,20,0.003317061811685562,6.702847895212471e-05,0.008187092215928969,0.036613788455724716,0.03370118886232376
2723,20,0.003785612527281046,6.336484511848539e-05,0.007960203836490959,0.03559911623597145,0.031481970101594925
2724,20,0.002891816897317767,5.678878369508311e-05,0.007535833311259154,0.03370127081871033,0.030593380331993103
2725,20,0.0027348038274794817,5.344609962776303e-05,0.007310683937072032,0.03269437327980995,0.02966761402785778
2726,20,0.0038318634033203125,5.086212695459835e-05,0.0071317688517364575,0.03189424052834511,0.024871625006198883
2727,20,0.004910618998110294,7.843016646802425e-05,0.008856080762279906,0.03960559889674187,0.03439865633845329
2728,20,0.002610777970403433,4.094765608897433e-05,0.006399035559283471,0.028617357835173607,0.025822851806879044
2729,20,0.003361016046255827,4.498934868024662e-05,0.006707409983014802,0.029996449127793312,0.02513796277344227
2730,20,0.0029486778657883406,3.6403547710506245e-05,0.006033535258080974,0.026982789859175682,0.021148931235074997
2731,20,0.0029727318324148655,3.455341357039288e-05,0.00587821516877299,0.026288175955414772,0.02170206606388092
2732,20,0.002666256157681346,2.4312401365023106e-05,0.004930760728835167,0.02205103076994419,0.01659107767045498
2733,20,0.0020775855518877506,2.4777191356406547e-05,0.0049776692694881355,0.022260813042521477,0.01804679073393345
2734,20,0.0021773267071694136,2.5718327378854156e-05,0.0050713240262138795,0.022679651156067848,0.018962664529681206
2735,20,0.002242638962343335,2.6006664484157227e-05,0.005099672978158229,0.022806430235505104,0.018368935212492943
2736,20,0.00228019873611629,2.5030367396539077e-05,0.005003035818034794,0.022374257445335388,0.017535332590341568
2737,20,0.002069364069029689,2.5999464924097992e-05,0.00509896704481388,0.022803273051977158,0.018306277692317963
2738,20,0.0021819178946316242,2.589408541098237e-05,0.005088623135090903,0.022757014259696007,0.018018947914242744
2739,20,0.002220720984041691,2.4365992430830374e-05,0.00493619209825047,0.02207532338798046,0.01727886125445366
2740,20,0.0027234219014644623,2.6797846658155322e-05,0.005176663660907025,0.023150743916630745,0.01711662858724594
2741,20,0.002432060893625021,2.629721348057501e-05,0.005128080876953386,0.0229334756731987,0.017496859654784203
2742,20,0.0020238941069692373,2.2087266188464127e-05,0.004699709159986831,0.021017737686634064,0.016199465841054916
2743,20,0.0025503914803266525,2.068430148938205e-05,0.004547999723986585,0.020339272916316986,0.014250325970351696
2744,20,0.002026043366640806,2.375029362156056e-05,0.004873427297247858,0.021794630214571953,0.016785714775323868
2745,20,0.002481713192537427,2.7044010494137183e-05,0.005200385610138654,0.023256830871105194,0.016628753393888474
2746,20,0.0020560608245432377,2.250065517728217e-05,0.004743485551499253,0.021213511005043983,0.016186892986297607
2747,20,0.0020710662938654423,2.048683563771192e-05,0.0045262385749882785,0.020241953432559967,0.015245186164975166
2748,20,0.0023615192621946335,2.681157275219448e-05,0.005177989257636064,0.023156670853495598,0.01614081859588623
2749,20,0.0019836805295199156,2.0940571630490012e-05,0.004576086934323912,0.020464884117245674,0.01606609672307968
2750,20,0.0024025877937674522,2.3791659259586595e-05,0.004877669449602606,0.02181360125541687,0.015940038487315178
2751,20,0.0025444463826715946,2.579984356998466e-05,0.005079354641092179,0.02271556295454502,0.016054507344961166
2752,20,0.001789535628631711,2.1553056285483763e-05,0.00464252692889161,0.020762011408805847,0.015084762126207352
2753,20,0.00241233897395432,2.4304214093717746e-05,0.0049299304349775305,0.022047318518161774,0.01592959463596344
2754,20,0.0019725696183741093,2.333932206965983e-05,0.004831078768728557,0.021605240181088448,0.015805091708898544
2755,20,0.0020163573790341616,2.0154835510766134e-05,0.004489413715705663,0.02007726952433586,0.014179792255163193
2756,20,0.002507383469492197,2.552991827542428e-05,0.005052713951474423,0.02259642444550991,0.01533049438148737
2757,20,0.0024837637320160866,3.260761150158942e-05,0.005710307478725591,0.025537272915244102,0.01836215704679489
2758,20,0.002477046102285385,2.4636432499391958e-05,0.004963510098649137,0.02219749242067337,0.015331683680415154
2759,20,0.0025062276981770992,2.7422618586570024e-05,0.005236661015052438,0.023419059813022614,0.016471195966005325
2760,20,0.0019564323592931032,2.4578452212153934e-05,0.004957666004497876,0.02217135578393936,0.015608361922204494
2761,20,0.0024601586628705263,2.370222136960365e-05,0.004868492720504329,0.021772561594843864,0.014706522226333618
2762,20,0.002031011274084449,1.8969250959344208e-05,0.004355370358459107,0.019477808848023415,0.013759447261691093
2763,20,0.0021910802461206913,2.3923032131278887e-05,0.004891117677103965,0.02187374420464039,0.015223415568470955
2764,20,0.002210507867857814,2.0136561943218112e-05,0.004487378070011275,0.02006816491484642,0.014296901412308216
2765,20,0.0027299015782773495,3.290731547167525e-05,0.005736489821456607,0.02565436065196991,0.018249455839395523
2766,20,0.0023036045022308826,2.3161323042586446e-05,0.004812621223677015,0.021522697061300278,0.014986592344939709
2767,20,0.0025529414415359497,2.4192941054934636e-05,0.004918632030853155,0.021996790543198586,0.015474537387490273
2768,20,0.0030171952676028013,3.123913484159857e-05,0.005589198049953014,0.024995652958750725,0.017544636502861977
2769,20,0.002381838858127594,2.933936229965184e-05,0.0054165821603343045,0.024223692715168,0.017594341188669205
2770,20,0.003102769609540701,4.7400179028045386e-05,0.006884778792963895,0.03078966774046421,0.024217592552304268
2771,20,0.002324999077245593,3.4043074265355244e-05,0.005834644313525482,0.026093322783708572,0.021546494215726852
2772,20,0.0031529173720628023,5.819846410304308e-05,0.007628791785272625,0.034116994589567184,0.030115671455860138
2773,20,0.0033314048778265715,6.886238406877965e-05,0.008298336222929248,0.03711128979921341,0.032863009721040726
2774,20,0.0038511171005666256,6.811419734731317e-05,0.008253132577834502,0.03690912947058678,0.03292321413755417
2775,20,0.004374244250357151,0.00010690438648452982,0.01033945774615525,0.0462394617497921,0.042290084064006805
2776,20,0.004009624011814594,0.00010655404912540689,0.010322502076793538,0.04616363346576691,0.04301266744732857
2777,20,0.0038385060615837574,9.413146472070366e-05,0.009702137121310113,0.043389275670051575,0.04034667834639549
2778,20,0.004283629357814789,0.00010556467168498784,0.010274466978144796,0.0459488108754158,0.042144887149333954
2779,20,0.003945805132389069,9.320158278569579e-05,0.009654096684086802,0.04317443445324898,0.03954347223043442
2780,20,0.0035517453216016293,9.620292985346168e-05,0.009808309225012316,0.04386409372091293,0.04055112972855568
2781,20,0.0036946781910955906,9.200634667649865e-05,0.009591993884302609,0.04289669916033745,0.039171867072582245
2782,20,0.0039858752861619,0.00010142908286070451,0.01007120066629121,0.04503978043794632,0.040647897869348526
2783,20,0.0037198197096586227,0.00010024530638474971,0.010012257806546418,0.044776178896427155,0.04105532914400101
2784,20,0.0044049834832549095,8.913940837373957e-05,0.009441366869989724,0.04222308099269867,0.03712807223200798
2785,20,0.003902643918991089,0.00010043267684523016,0.010021610491594161,0.044818002730607986,0.041020333766937256
2786,20,0.003847451414912939,0.00010097365884575993,0.010048565014257506,0.044938549399375916,0.040944185107946396
2787,20,0.0035656269174069166,9.575697913533077e-05,0.009785549506048742,0.04376230761408806,0.04008578509092331
2788,20,0.00368011137470603,9.444249008083716e-05,0.009718152606377262,0.0434608981013298,0.0400959812104702
2789,20,0.003780307713896036,0.00010231912892777473,0.010115291836016138,0.04523696005344391,0.041011881083250046
2790,20,0.003610356245189905,0.00010487456893315539,0.010240828527670765,0.04579837992787361,0.04201074689626694
2791,20,0.003961795475333929,8.60999061842449e-05,0.009279003512459994,0.04149696230888367,0.03735034540295601
2792,20,0.004621165804564953,9.01284147403203e-05,0.009493598619086458,0.04245666414499283,0.03837491199374199
2793,20,0.0035709398798644543,9.892568050418049e-05,0.009946138974706743,0.04448048397898674,0.04089653864502907
2794,20,0.004112051799893379,9.742645488586277e-05,0.00987048402490287,0.04414214566349983,0.03978351131081581
2795,20,0.0036291442811489105,0.00010146597924176604,0.01007303227641836,0.04504796862602234,0.041817691177129745
2796,20,0.0043084463104605675,0.0001062722658389248,0.010308844059298055,0.046102553606033325,0.043125398457050323
2797,20,0.004323708824813366,9.504825720796362e-05,0.00974926957304821,0.04360006004571915,0.03916053846478462
2798,20,0.004224532283842564,0.00011746952077373862,0.010838335701284521,0.04847051203250885,0.043309733271598816
2799,20,0.0038946401327848434,0.0001042369767674245,0.01020965115796933,0.04565894603729248,0.04159737378358841
2800,20,0.004439001437276602,0.00010472760914126411,0.010233650821738258,0.045766279101371765,0.04174182191491127
2801,20,0.004373141564428806,0.00010660990665201098,0.010325207341841178,0.04617572948336601,0.04235093668103218
2802,20,0.004407537169754505,0.00012169043475296348,0.011031338756151199,0.04933364689350128,0.045419126749038696
2803,20,0.0042398469522595406,0.00010941030632238835,0.010459938160543223,0.04677826538681984,0.04292239621281624
2804,20,0.004030494950711727,0.00010899621702264994,0.010440125335581462,0.04668965935707092,0.0433577261865139
2805,20,0.0041762529872357845,0.00011328733671689406,0.010643652414321601,0.04759986326098442,0.04384338855743408
2806,20,0.00418595876544714,0.00010159219527849928,0.01007929537609149,0.045075979083776474,0.04146067798137665
2807,20,0.0036387131549417973,0.00010424542415421456,0.010210064845739941,0.045660797506570816,0.04277222231030464
2808,20,0.004972910042852163,0.0001249676861334592,0.01117889467404802,0.04999353736639023,0.04549866542220116
2809,20,0.004119581077247858,0.00010477125033503398,0.010235782839384294,0.04577581584453583,0.041831035166978836
2810,20,0.004561117850244045,0.00010867432865779847,0.010424698012786676,0.04662066698074341,0.042579010128974915
2811,20,0.004271999932825565,0.00011095757508883253,0.010533640163249954,0.04710787162184715,0.04316248372197151
2812,20,0.004355954937636852,0.00010547971032792702,0.010270331558811869,0.04593031853437424,0.04235384613275528
2813,20,0.004072328098118305,0.00010012491839006543,0.010006243970145113,0.04474928230047226,0.041949547827243805
2814,20,0.004397665616124868,0.00010464154183864594,0.010229444845085481,0.04574746638536453,0.04149968922138214
2815,20,0.004583943635225296,0.00010274847591063008,0.010136492288293327,0.04533177241683006,0.04133966565132141
2816,20,0.004644221160560846,0.00010266814206261188,0.010132528907563594,0.04531404748558998,0.04001442342996597
2817,20,0.0047039152123034,0.00010600958194117993,0.01029609547067139,0.046045538038015366,0.04221165552735329
2818,20,0.0039610653184354305,0.00010049603588413447,0.010024771113802773,0.04483214020729065,0.04100210219621658
2819,20,0.004190647508949041,9.829904593061656e-05,0.009914587532046734,0.0443393848836422,0.04082733020186424
2820,20,0.004253632389008999,9.233823948306963e-05,0.009609278822214996,0.04297400265932083,0.039112262427806854
2821,20,0.004160356242209673,9.5618081104476e-05,0.009778449831362638,0.04373055696487427,0.04013346880674362
2822,20,0.004410363268107176,0.00010233990906272084,0.010116318948249943,0.04524155333638191,0.041505537927150726
2823,20,0.0040601156651973724,9.841864084592089e-05,0.009920616958935613,0.044366348534822464,0.04138616845011711
2824,20,0.004640258848667145,0.00010057713370770216,0.01002881516968491,0.04485022649168968,0.04058428853750229
2825,20,0.0044144680723547935,9.829007467487827e-05,0.009914135094645336,0.04433735832571983,0.040815796703100204
2826,20,0.004724648781120777,0.00010414390271762386,0.010205091999468886,0.045638557523489,0.04022864252328873
2827,20,0.004425632301717997,0.00010362480679759756,0.01017962704609543,0.04552467539906502,0.041928015649318695
2828,20,0.006144068203866482,0.00013701686111744493,0.011705420159799687,0.05234823003411293,0.04760489612817764
2829,20,0.004407516214996576,0.00010074899910250679,0.010037380091563077,0.04488852992653847,0.04103749617934227
2830,20,0.004302831832319498,9.4997973064892e-05,0.009746690364677232,0.04358852282166481,0.04024001210927963
2831,20,0.0045734187588095665,9.372819476993755e-05,0.009681332282797526,0.04329623654484749,0.03776908665895462
2832,20,0.004469859413802624,0.0001051567232934758,0.010254595228163606,0.04585994407534599,0.040916383266448975
2833,20,0.0043073371052742004,0.0001039467315422371,0.010195426991658423,0.04559533670544624,0.04255245253443718
2834,20,0.005164829548448324,0.00011275363067397848,0.010618551251181984,0.04748760163784027,0.041377607733011246
2835,20,0.004524101968854666,0.00010997658682754263,0.010486972243099656,0.04689916595816612,0.04352780058979988
2836,20,0.004676906857639551,0.00010749488137662411,0.010367973831787197,0.046366989612579346,0.041898466646671295
2837,20,0.0049981968477368355,0.00010489972919458523,0.010242056882998904,0.045803871005773544,0.040094275027513504
2838,20,0.004691665526479483,0.00011566405737539753,0.010754722561526054,0.04809658229351044,0.04326500743627548
2839,20,0.0050858319737017155,0.00011390509462216869,0.010672632975145762,0.04772946611046791,0.04182036221027374
2840,20,0.004566544201225042,0.0001129542215494439,0.010627992357423104,0.047529831528663635,0.04339839518070221
2841,20,0.004340616054832935,0.0001077580382116139,0.010380656925821886,0.04642371088266373,0.04193276911973953
2842,20,0.003954589366912842,0.00010429255053168163,0.010212372424254887,0.045671116560697556,0.04189489781856537
2843,20,0.0040656449273228645,0.00010113247117260471,0.01005646414862623,0.04497387632727623,0.041126981377601624
2844,20,0.004108288791030645,0.00010450978152221069,0.010223002568825398,0.045718658715486526,0.04197701811790466
2845,20,0.004280739929527044,0.00010277476394549012,0.010137788908114537,0.04533756896853447,0.04105278104543686
2846,20,0.003655858337879181,9.966482321033254e-05,0.00998322709399784,0.04464635252952576,0.040974024683237076
2847,20,0.004086041357368231,0.00010639653919497505,0.010314869809889752,0.0461294986307621,0.041655100882053375
2848,20,0.004071113653481007,0.00010279673006152734,0.010138872228286898,0.04534241557121277,0.041549086570739746
2849,20,0.003493325086310506,9.887322084978223e-05,0.009943501438114354,0.04446869343519211,0.04120733588933945
2850,20,0.0038820779882371426,9.831962961470708e-05,0.009915625528160443,0.04434402659535408,0.04063860699534416
2851,20,0.003994878381490707,9.782948473002762e-05,0.009890878865400568,0.044233355671167374,0.04011394828557968
2852,20,0.0038692071102559566,9.952097025234252e-05,0.009976019760021656,0.044614117592573166,0.040673427283763885
2853,20,0.004379712976515293,0.00010715031385188922,0.010351343577134768,0.04629261791706085,0.04042450711131096
2854,20,0.003997035324573517,0.00010108528658747673,0.010054117892061776,0.04496338590979576,0.04101286828517914
2855,20,0.0039871856570243835,0.00010306132026016712,0.010151912147973263,0.04540073126554489,0.04110978916287422
2856,20,0.004230883903801441,0.00010085590474773198,0.010042704055568499,0.04491233453154564,0.040614448487758636
2857,20,0.004048836417496204,9.86293307505548e-05,0.0099312300723805,0.04441380873322487,0.0405658483505249
2858,20,0.003968528471887112,9.997852612286806e-05,0.009998926248496288,0.04471655935049057,0.04082780331373215
2859,20,0.003671279177069664,9.502291504759341e-05,0.00974796979106898,0.04359424486756325,0.04020486772060394
2860,20,0.0037822439335286617,9.799453982850537e-05,0.009899219152463763,0.044270653277635574,0.0406157448887825
2861,20,0.004110955633223057,0.00010077208571601659,0.01003853005753415,0.044893670827150345,0.04094194993376732
2862,20,0.0038328245282173157,9.475600381847471e-05,0.009734269557520724,0.043532975018024445,0.040496040135622025
2863,20,0.0035483308602124453,9.689338185125962e-05,0.009843443597200099,0.04402121901512146,0.04072238877415657
2864,20,0.004113388247787952,9.920213051373139e-05,0.009960026632179824,0.0445425920188427,0.0406503863632679
2865,20,0.0038872738368809223,0.00010063908121082932,0.01003190316992889,0.04486403614282608,0.041237298399209976
2866,20,0.004488896578550339,9.056179987965152e-05,0.009516396370457229,0.04255862161517143,0.03875546529889107
2867,20,0.00410383241251111,9.410772327100858e-05,0.009700913527653392,0.043383803218603134,0.03995034471154213
2868,20,0.0040501197800040245,9.651613800087944e-05,0.009824262720473197,0.04393543675541878,0.0407978855073452
2869,20,0.004096747376024723,9.422526636626571e-05,0.009706969988944322,0.04341088980436325,0.040257617831230164
2870,20,0.005020692013204098,0.00010529515566304326,0.010261342780700938,0.045890118926763535,0.0418601892888546
2871,20,0.004193715751171112,9.322397818323225e-05,0.009655256505304882,0.04317962005734444,0.03947426751255989
2872,20,0.003833258058875799,9.451787627767771e-05,0.009722030460643379,0.043478239327669144,0.04054483026266098
2873,20,0.004847229458391666,0.00010483030928298831,0.010238667358742948,0.0457887165248394,0.0411338172852993
2874,20,0.00440210709348321,9.380657138535753e-05,0.009685379258725882,0.043314334005117416,0.040211793035268784
2875,20,0.0038231289945542812,8.995951793622226e-05,0.009484699148429657,0.04241686314344406,0.039850689470767975
2876,20,0.00452865194529295,0.00010090909199789166,0.010045351760784272,0.04492417722940445,0.04117131605744362
2877,20,0.0038909204304218292,9.709927689982578e-05,0.009853896533850241,0.04406796395778656,0.04121336713433266
2878,20,0.00531783327460289,0.0001090623700292781,0.01044329306441594,0.046703826636075974,0.04118327423930168
2879,20,0.005166373681277037,0.00010712315270211548,0.010350031531455132,0.046286746859550476,0.040995653718709946
2880,20,0.004400343634188175,9.512684482615441e-05,0.009753299176491738,0.04361807927489281,0.040082644671201706
2881,20,0.004360883496701717,0.00010501451470190659,0.010247658986417659,0.0458289235830307,0.04201074317097664
2882,20,0.004178199917078018,9.242635132977739e-05,0.009613862456358391,0.04299449920654297,0.03970188647508621
2883,20,0.0053656562231481075,0.00012421300925780088,0.011145089019734248,0.04984235391020775,0.045623116195201874
2884,20,0.005628144834190607,0.0001229323970619589,0.011087488311694354,0.049584757536649704,0.04404744505882263
2885,20,0.005934030283242464,0.00012875294487457722,0.011346935483846606,0.05074504017829895,0.04452381283044815
2886,20,0.004709581378847361,0.00011051595356548205,0.010512656827152784,0.0470140315592289,0.042871929705142975
2887,20,0.004029194824397564,0.00010791232489282265,0.010388085718399836,0.04645693302154541,0.042878422886133194
2888,20,0.004056394100189209,0.00010241244308417663,0.010119903313973737,0.045257583260536194,0.04132383316755295
2889,20,0.0044489712454378605,0.00010782518802443519,0.010383890794130839,0.046438172459602356,0.04125584289431572
2890,20,0.004898179322481155,0.00013758848945144564,0.011729811995571184,0.052457310259342194,0.047404125332832336
2891,20,0.0052451035007834435,0.00010778038995340466,0.010381733475359723,0.04642852768301964,0.04032408818602562
2892,20,0.004849092569202185,0.00011473895574454218,0.01071162712871122,0.04790385067462921,0.04304742068052292
2893,20,0.006106327287852764,0.0001420987828169018,0.01192051940214443,0.05331018567085266,0.04660780727863312
2894,20,0.004317248705774546,0.00010445652151247486,0.010220397326546305,0.04570700600743294,0.0416557639837265
2895,20,0.004281565081328154,0.00010601194662740454,0.010296210304155822,0.04604605212807655,0.043599385768175125
2896,20,0.004468988627195358,9.073268302017823e-05,0.009525370492541391,0.042598750442266464,0.036937415599823
2897,20,0.00467072706669569,0.00012185338709969074,0.011038722167882056,0.04936666414141655,0.04507086053490639
2898,20,0.005024990998208523,0.00011676370922941715,0.010805725761346025,0.048324670642614365,0.04368796944618225
2899,20,0.004711558576673269,0.00011426294076954946,0.01068938448974259,0.04780438169836998,0.043977946043014526
2900,20,0.005857326090335846,0.00012791184417437762,0.011309811854066256,0.0505790151655674,0.04570665955543518
2901,20,0.0039296830072999,0.00010797474533319473,0.010391089708649172,0.046470366418361664,0.04227623715996742
2902,20,0.005459530744701624,0.0001254372764378786,0.011199878411745308,0.050087377429008484,0.043924473226070404
2903,20,0.004554192069917917,0.0001049587590387091,0.01024493821546568,0.045816756784915924,0.04214606434106827
2904,20,0.0040451763197779655,0.00010220891272183508,0.010109842368792655,0.04521259292960167,0.042101241648197174
2905,20,0.005255240481346846,0.00011538404214661568,0.010741696427781586,0.04803832620382309,0.04272029921412468
2906,20,0.004237301182001829,0.00010738884884631261,0.010362859105783143,0.04634411633014679,0.042513176798820496
2907,20,0.00424177385866642,0.00010677493264665827,0.010333195664781455,0.04621145501732826,0.042388834059238434
2908,20,0.004300748463720083,0.00010284399468218908,0.010141202822258761,0.045352838933467865,0.04214087128639221
2909,20,0.0043271384201943874,0.00010417199518997222,0.010206468301521943,0.04564471170306206,0.04174911230802536
2910,20,0.0045294626615941525,9.403330477653071e-05,0.009697077125429637,0.04336664825677872,0.03851565718650818
2911,20,0.004080050624907017,0.00010245830344501883,0.010122168910120934,0.04526771232485771,0.041243162006139755
2912,20,0.004671548493206501,0.00010502585064386949,0.010248212070594046,0.04583139717578888,0.04029294475913048
2913,20,0.004739322233945131,0.00010917882900685072,0.010448867355213708,0.04672875255346298,0.04275797680020332
2914,20,0.004345185123383999,0.00010504767124075443,0.010249276620364699,0.045836158096790314,0.041144102811813354
2915,20,0.0041281068697571754,0.0001068075216608122,0.01033477245326728,0.04621850699186325,0.04271478205919266
2916,20,0.00488812942057848,0.00011478384112706408,0.01071372209491473,0.04791322350502014,0.04256081208586693
2917,20,0.004760059993714094,0.00010594740888336673,0.010293075773711507,0.04603203013539314,0.0399564728140831
2918,20,0.004924561828374863,0.00010570025915512815,0.010281063133505608,0.04597831144928932,0.040650345385074615
2919,20,0.004502610303461552,0.00010516773909330368,0.01025513232939018,0.0458623468875885,0.04089435935020447
2920,20,0.004260508809238672,0.00010622490663081408,0.010306546784971874,0.04609227925539017,0.04162834584712982
2921,20,0.005033730063587427,0.00011294393334537745,0.010627508331936392,0.04752765968441963,0.041045479476451874
2922,20,0.005248735658824444,0.00011773351434385404,0.010850507561577663,0.048524945974349976,0.04151405394077301
2923,20,0.005244367755949497,0.00011324755905661732,0.0106417836407539,0.04759150370955467,0.03908394277095795
2924,20,0.005042760632932186,0.00012955725833307952,0.01138232218543648,0.05090329423546791,0.0418848991394043
2925,20,0.005951209459453821,0.0001425913505954668,0.011941162028691629,0.053402502089738846,0.04122834652662277
2926,20,0.005740895867347717,0.00014047592412680387,0.011852253968203849,0.05300489068031311,0.04031966254115105
2927,20,0.005730009637773037,0.00014640130393672734,0.012099640653206498,0.054111234843730927,0.03968120366334915
2928,20,0.005826454609632492,0.0001515621115686372,0.012311056476543238,0.05505671724677086,0.03972380980849266
2929,20,0.005231138784438372,0.00015227285621222109,0.012339888824953857,0.05518566071987152,0.040209390223026276
2930,20,0.006132804788649082,0.00016457233869004995,0.012828575084164646,0.05737113207578659,0.04016012325882912
2931,20,0.005720930173993111,0.00016922182112466544,0.013008528784019561,0.058175910264253616,0.04176929593086243
2932,20,0.005678658373653889,0.00018486044427845627,0.013596339370523828,0.06080467626452446,0.04421275109052658
2933,20,0.00598063925281167,0.00017599941929802299,0.01326647727537431,0.05932949110865593,0.0417635552585125
2934,20,0.005310376174747944,0.00016974804748315364,0.01302873928986046,0.0582662895321846,0.04116411879658699
2935,20,0.005396697670221329,0.00017330066475551575,0.013164371035317857,0.058872856199741364,0.04133374243974686
2936,20,0.005328855477273464,0.00017341796774417162,0.013168825602314416,0.05889277905225754,0.04149457812309265
2937,20,0.005155846476554871,0.00016780299483798444,0.012953879528464994,0.057931508868932724,0.0430978387594223
2938,20,0.0056684319861233234,0.00017005260451696813,0.013040421945511124,0.05831853672862053,0.040874309837818146
2939,20,0.005564817227423191,0.0001608843740541488,0.01268402042154414,0.056724663823843,0.039833080023527145
2940,20,0.005346264224499464,0.00017076336371246725,0.01306764568361368,0.05844029039144516,0.0422167107462883
2941,20,0.0058294846676290035,0.00017140727140940726,0.013092259980973768,0.05855036526918411,0.04131650552153587
2942,20,0.005996440537273884,0.00017224163457285613,0.013124086047144622,0.05869269371032715,0.04074558988213539
2943,20,0.00562216155230999,0.0001746165071381256,0.0132142539380067,0.05909594148397446,0.041284315288066864
2944,20,0.005563592538237572,0.0001787300279829651,0.013368995025167939,0.05978796258568764,0.042373694479465485
2945,20,0.005519215948879719,0.0001705076574580744,0.013057858073132606,0.058396514505147934,0.04097643867135048
2946,20,0.006184880621731281,0.0001812829141272232,0.013464134362342913,0.06021343916654587,0.04158377647399902
2947,20,0.005328129045665264,0.00017290559480898082,0.013149357201360864,0.058805715292692184,0.04131719842553139
2948,20,0.006523533258587122,0.0001754597033141181,0.01324612031177877,0.05923845246434212,0.04102399945259094
2949,20,0.005447896663099527,0.00017210564692504704,0.013118904181563605,0.05866951867938042,0.04149144887924194
2950,20,0.005336538888514042,0.00017320683400612324,0.013160806738423113,0.058856915682554245,0.041346535086631775
2951,20,0.005526742897927761,0.00017950670735444874,0.01339801132088075,0.05991772934794426,0.04228083789348602
2952,20,0.005790872499346733,0.00018199370242655277,0.013490504157612227,0.06033136695623398,0.04279728978872299
2953,20,0.005874895490705967,0.0001809195673558861,0.013450634459232252,0.060153063386678696,0.042346082627773285
2954,20,0.0052296677604317665,0.00015160502516664565,0.012312799241709646,0.05506451055407524,0.040419384837150574
2955,20,0.005410224199295044,0.0001746178895700723,0.013214306246264776,0.05909617245197296,0.042138054966926575
2956,20,0.005556276999413967,0.00017105901497416198,0.013078953129901566,0.05849086120724678,0.04228328540921211
2957,20,0.0052482737228274345,0.00017208947974722832,0.013118287988423958,0.05866676941514015,0.042073220014572144
2958,20,0.005209153052419424,0.00017581328575033695,0.013259460236010248,0.05929810553789139,0.04231258109211922
2959,20,0.005944407545030117,0.00018104010086972266,0.013455114301622363,0.06017310172319412,0.04273948445916176
2960,20,0.005395912565290928,0.00016414877609349787,0.012812055888634653,0.057297252118587494,0.040140166878700256
2961,20,0.005859837867319584,0.00018916989210993052,0.013753904613233673,0.061509329825639725,0.044825732707977295
2962,20,0.005424115806818008,0.00017611283692531288,0.013270751181651809,0.05934860184788704,0.04214051738381386
2963,20,0.005674421787261963,0.00017142525757662952,0.013092946863736578,0.058553438633680344,0.0414491631090641
2964,20,0.004708906635642052,0.00017313958960585296,0.013158251768599541,0.05884549021720886,0.04167201370000839
2965,20,0.004795474465936422,0.00016744040476623923,0.012939876535973565,0.05786889046430588,0.04077889770269394
2966,20,0.005497914273291826,0.00016606113058514893,0.012886470835149122,0.05763004720211029,0.042389072477817535
2967,20,0.005279389210045338,0.00017489548190496862,0.013224805552633605,0.059143126010894775,0.04270869120955467
2968,20,0.005730717908591032,0.00016912425053305924,0.013004777988610926,0.058159131556749344,0.041565537452697754
2969,20,0.005274483002722263,0.00017599128477741033,0.01326617069004505,0.059328120201826096,0.04280821233987808
2970,20,0.005062310490757227,0.00017041545652318746,0.013054327118744477,0.05838072672486305,0.04201877862215042
2971,20,0.005505846347659826,0.000176693603862077,0.013292614636032936,0.05944637954235077,0.04241449013352394
2972,20,0.005994373932480812,0.00017467912402935326,0.013216623019113213,0.059106532484292984,0.04154738038778305
2973,20,0.005207479000091553,0.00017177732661366463,0.013106384955954278,0.05861353501677513,0.04221847280859947
2974,20,0.004734131973236799,0.0001655102678341791,0.012865079394787236,0.05753438547253609,0.04183078929781914
2975,20,0.004940459970384836,0.00016666956071276218,0.012910056572794799,0.05773552879691124,0.04082939028739929
2976,20,0.004955609794706106,0.00016873853746801615,0.012989939856212428,0.05809277668595314,0.04092681035399437
2977,20,0.005081816576421261,0.00016853150737006217,0.01298196854756867,0.05805712938308716,0.04084520787000656
2978,20,0.0058774156495928764,0.0001699701970210299,0.013037261868238663,0.05830440670251846,0.04116285592317581
2979,20,0.005641679745167494,0.00017859057697933167,0.0133637785442341,0.05976463481783867,0.044538259506225586
2980,20,0.004676849581301212,0.00016894500004127622,0.012997884444834714,0.05812830477952957,0.04142409563064575
2981,20,0.00484261941164732,0.0001598258677404374,0.012642225584937068,0.056537751108407974,0.039878733456134796
2982,20,0.004923307336866856,0.00017306090740021318,0.013155261586156817,0.058832116425037384,0.04246348887681961
2983,20,0.004791109822690487,0.00016444867651443928,0.012823754384517792,0.05734957009553909,0.040681011974811554
2984,20,0.004675529897212982,0.0001701993605820462,0.013046047699669284,0.05834370106458664,0.04139949008822441
2985,20,0.004534614272415638,0.00016810759552754462,0.012965631320053204,0.057984065264463425,0.041021279990673065
2986,20,0.004688204266130924,0.00016426632646471262,0.012816642558201918,0.057317767292261124,0.041234977543354034
2987,20,0.004605249501764774,0.00016630336176604033,0.012895866072739758,0.05767206847667694,0.040921520441770554
2988,20,0.0046637216582894325,0.00016583674005232751,0.012877761453464167,0.05759109556674957,0.040708594024181366
2989,20,0.00463085575029254,0.00016623074770905077,0.012893050364791521,0.05765947327017784,0.04070746526122093
2990,20,0.005290670320391655,0.00017646267951931804,0.013283925606510977,0.05940752103924751,0.041952528059482574
2991,20,0.004638907965272665,0.00016141131345648319,0.01270477522258789,0.05681748315691948,0.04034631699323654
2992,20,0.004705510102212429,0.00016705547750461847,0.012924994294181274,0.05780233070254326,0.04127189889550209
2993,20,0.005191261880099773,0.00016243738355115056,0.01274509252815179,0.056997787207365036,0.04127170890569687
2994,20,0.005429643206298351,0.00017772889987099916,0.013331500285826766,0.05962027981877327,0.04172825813293457
2995,20,0.005415898747742176,0.00016981351654976606,0.0130312515342835,0.05827752873301506,0.04155118390917778
2996,20,0.004718724638223648,0.0001690170611254871,0.013000656180573621,0.058140698820352554,0.04158381372690201
2997,20,0.005150432698428631,0.00017813491285778582,0.013346719179550675,0.05968834087252617,0.04311313107609749
2998,20,0.005296232644468546,0.0001863195066107437,0.0136498903516015,0.06104416772723198,0.04303118586540222
2999,20,0.005041716154664755,0.0001645877055125311,0.012829173999620205,0.057373810559511185,0.040490858256816864
3000,20,0.004765603691339493,0.00016736178076826036,0.012936838128702869,0.05785530060529709,0.04134216904640198
3001,20,0.0051096654497087,0.00018176049343310297,0.013481857936987134,0.06029270216822624,0.04401542246341705
3002,20,0.0047477856278419495,0.00017236507846973836,0.013128788156937347,0.058713726699352264,0.04179288446903229
3003,20,0.004669960588216782,0.0001697953266557306,0.013030553582090463,0.05827440693974495,0.04270261153578758
3004,20,0.005150034092366695,0.00017614001990295947,0.013271775310897916,0.05935318395495415,0.04254933446645737
3005,20,0.00470553245395422,0.00016545632388442755,0.012862982697820421,0.05752500891685486,0.04129132628440857
3006,20,0.005576953291893005,0.0001818307937355712,0.013484464903568522,0.06030435860157013,0.04445800930261612
3007,20,0.004588020499795675,0.00017071462934836745,0.013065780854903676,0.058431949466466904,0.04133942350745201
3008,20,0.005497204139828682,0.00016812817193567753,0.012966424793892784,0.05798761546611786,0.04152872413396835
3009,20,0.004733235575258732,0.0001677878462942317,0.012953294804575077,0.057928893715143204,0.04120317101478577
3010,20,0.005250395741313696,0.0001744908222462982,0.013209497425954486,0.05907467007637024,0.041530147194862366
3011,20,0.004891721066087484,0.00017173751257359982,0.013104865988387665,0.058606743812561035,0.04201719909906387
3012,20,0.004930201452225447,0.00017149545601569116,0.013095627362432513,0.058565426617860794,0.04197122901678085
3013,20,0.004770937841385603,0.0001702240260783583,0.01304699298989458,0.058347929269075394,0.041947610676288605
3014,20,0.004811538383364677,0.0001671618374530226,0.012929108146079627,0.057820726186037064,0.04216849058866501
3015,20,0.0054636201821267605,0.00018557568546384573,0.013622616689309206,0.06092219054698944,0.04275130480527878
3016,20,0.005103060510009527,0.0001703509915387258,0.013051857781125482,0.05836968496441841,0.041255317628383636
3017,20,0.00496716657653451,0.00017715306603349745,0.01330988602631508,0.05952361971139908,0.04272067919373512
3018,20,0.004683989100158215,0.00016639227396808565,0.01289931292620214,0.057687487453222275,0.04155709594488144
3019,20,0.004417908377945423,0.00016440932813566178,0.012822220093870709,0.057342711836099625,0.04078586399555206
3020,20,0.0050107561983168125,0.00016158685320988297,0.01271168176166643,0.05684836953878403,0.04089520871639252
3021,20,0.005137706641107798,0.00016494435840286314,0.012843066549810569,0.057435937225818634,0.041947800666093826
3022,20,0.004487828817218542,0.00016786015476100147,0.012956085626492342,0.05794137716293335,0.041205745190382004
3023,20,0.00455858651548624,0.00016538301133550704,0.012860132632889407,0.05751226097345352,0.040963754057884216
3024,20,0.005270826630294323,0.00014990728232078254,0.012243662945409047,0.0547553226351738,0.03977818787097931
3025,20,0.004644447471946478,0.00016827063518576324,0.012971917174641658,0.05801218003034592,0.04157176986336708
3026,20,0.00466327415779233,0.0001734816178213805,0.013171242075878057,0.058903586119413376,0.04178708791732788
3027,20,0.005031214095652103,0.00016899775073397905,0.012999913489480576,0.058137379586696625,0.041711270809173584
3028,20,0.0046847728081047535,0.00016951494035311043,0.013019790334452795,0.05822627246379852,0.041159018874168396
3029,20,0.0045927539467811584,0.00017070828471332788,0.013065538056786176,0.05843086168169975,0.04166841134428978
3030,20,0.004616503603756428,0.00017270553507842124,0.013141747793897934,0.058771681040525436,0.04214165359735489
3031,20,0.0049195671454072,0.00017569598276168108,0.013255036128267667,0.059278324246406555,0.041835542768239975
3032,20,0.004759087227284908,0.00016921614587772638,0.013008310646572305,0.05817493423819542,0.04108555614948273
3033,20,0.004471379332244396,0.0001704660535324365,0.013056264915068033,0.05838939547538757,0.04136618599295616
3034,20,0.004457357805222273,0.00016727980982977897,0.012933669619631506,0.05784112960100174,0.04100721701979637
3035,20,0.004832702223211527,0.00017002530512399971,0.013039375181503127,0.05831386148929596,0.04149937629699707
3036,20,0.00585584994405508,0.00016905607481021434,0.013002156544597297,0.05814741179347038,0.042464252561330795
3037,20,0.0048155998811125755,0.0001728633069433272,0.013147749120793535,0.058798521757125854,0.04203560948371887
3038,20,0.005726913921535015,0.00017277478764299303,0.013144382360650995,0.05878346785902977,0.04287205636501312
3039,20,0.004566443618386984,0.00016799937293399125,0.012961457207196698,0.05796539783477783,0.04114430397748947
3040,20,0.004568290896713734,0.00016892589337658137,0.012997149432724907,0.05812501907348633,0.04118740186095238
3041,20,0.0055666035041213036,0.0001607192971277982,0.012677511472201404,0.05669555440545082,0.039713237434625626
3042,20,0.005236429627984762,0.00018225848907604814,0.013500314406562838,0.060375239700078964,0.04301230609416962
3043,20,0.004797250498086214,0.00017057405784726143,0.013060400370863883,0.05840788781642914,0.041268616914749146
3044,20,0.004527479410171509,0.00017043648404069245,0.013055132478864105,0.058384329080581665,0.04150143265724182
3045,20,0.0048638759180903435,0.0001695225655566901,0.013020083162433721,0.05822758376598358,0.04131019115447998
3046,20,0.004649910144507885,0.00017368410772178322,0.013178926652872123,0.05893794819712639,0.04179111123085022
3047,20,0.004677816294133663,0.00017123926954809576,0.013085842332387158,0.05852166563272476,0.041495054960250854
3048,20,0.004742181394249201,0.0001665940653765574,0.012907132345201912,0.05772245302796364,0.04125264659523964
3049,20,0.0050104157999157906,0.00016914834850467741,0.01300570446014661,0.05816327780485153,0.04247943311929703
3050,20,0.004997649230062962,0.00017712183762341738,0.013308712846230374,0.059518374502658844,0.04231489449739456
3051,20,0.005349175538867712,0.00017754777218215168,0.013324705331907032,0.05958990007638931,0.04405231773853302
3052,20,0.005424981005489826,0.0001811600523069501,0.013459571029826697,0.060193032026290894,0.0424489825963974
3053,20,0.00459586875513196,0.00017507566371932626,0.01323161606604901,0.0591735877096653,0.04206770658493042
3054,20,0.005010393448174,0.00016961476649157703,0.013023623401019282,0.058243416249752045,0.04211581125855446
3055,20,0.004846722353249788,0.00016781532031018287,0.01295435526416436,0.057933636009693146,0.04088665544986725
3056,20,0.005022851750254631,0.0001720893633319065,0.013118283551284691,0.05866674706339836,0.04135461896657944
3057,20,0.004626734647899866,0.00016844517085701227,0.012978642874238134,0.0580422542989254,0.04121561720967293
3058,20,0.004878284875303507,0.00016301483265124261,0.012767726213043677,0.057099003344774246,0.0427749902009964
3059,20,0.004706147126853466,0.00016962520021479577,0.013024023963998061,0.058245208114385605,0.041775647550821304
3060,20,0.005207703448832035,0.00018603612261358649,0.013639505951961254,0.060997720807790756,0.04447062313556671
3061,20,0.004574210848659277,0.00017416433547623456,0.013197133608334598,0.05901937559247017,0.0420762300491333
3062,20,0.005173447076231241,0.00016537369810976088,0.012859770530991636,0.05751064047217369,0.04027146100997925
3063,20,0.005060007330030203,0.00017641601152718067,0.01328216893158571,0.05939966440200806,0.04245475307106972
3064,20,0.00476089445874095,0.00016035207954701036,0.012663020158990918,0.05663074925541878,0.04037340730428696
3065,20,0.0049482607282698154,0.0001777825818862766,0.013333513486184974,0.05962928384542465,0.04220297932624817
3066,20,0.006529743783175945,0.00022526178508996964,0.015008723632939933,0.06712105125188828,0.04707910493016243
3067,20,0.005402281880378723,0.00018893003289122134,0.013745182170172258,0.06147032603621483,0.04440317675471306
3068,20,0.004721981473267078,0.00016896978195291013,0.012998837715461722,0.05813257023692131,0.041097987443208694
3069,20,0.004737818147987127,0.0001735030673444271,0.013172056306607071,0.05890722572803497,0.04208247736096382
3070,20,0.005260225851088762,0.00016379938460886478,0.012798413362947174,0.05723624676465988,0.04102010279893875
3071,20,0.004686466418206692,0.00016271886124741286,0.01275613033985671,0.057047151029109955,0.042824018746614456
3072,20,0.005141187459230423,0.0001676441461313516,0.01294774675885158,0.05790408328175545,0.041844502091407776
3073,20,0.004600138403475285,0.00016688997857272625,0.012918590425148025,0.05777369439601898,0.04087691009044647
3074,20,0.004797887057065964,0.0001651166967349127,0.012849774190035896,0.05746593698859215,0.04107305034995079
3075,20,0.004944493528455496,0.0001730932417558506,0.013156490480209782,0.058837614953517914,0.041869085282087326
3076,20,0.005187013652175665,0.00017447103164158762,0.013208748299577354,0.059071317315101624,0.04319865256547928
3077,20,0.004608041141182184,0.00017646656488068402,0.013284071848672153,0.059408172965049744,0.042043182998895645
3078,20,0.005216734949499369,0.000196569410036318,0.014020321324289183,0.0627007856965065,0.04565642401576042
3079,20,0.00550484424456954,0.00018541319877840579,0.013616651525922435,0.060895517468452454,0.04492916539311409
3080,20,0.005845036823302507,0.00020425044931471348,0.014291621647479808,0.06391407549381256,0.04705173522233963
3081,20,0.004843821749091148,0.00019126871484331787,0.013829993305975164,0.06184961274266243,0.04595828801393509
3082,20,0.004755995236337185,0.00017636148550081998,0.01328011617045649,0.059390485286712646,0.04225458204746246
3083,20,0.005348201375454664,0.00016996930935420096,0.013037227824741,0.058304253965616226,0.04095519706606865
3084,20,0.004542499780654907,0.00017317276797257364,0.01315951245193277,0.058851126581430435,0.04189148545265198
3085,20,0.004997645504772663,0.00017746860976330936,0.0133217344877951,0.0595766082406044,0.04386161267757416
3086,20,0.005292623303830624,0.00017018287326209247,0.013045415794910198,0.05834087356925011,0.04153123497962952
3087,20,0.005607148632407188,0.0001734284742269665,0.013169224511221855,0.0588945671916008,0.04189205914735794
3088,20,0.005510429851710796,0.00017372758884448558,0.013180576195466023,0.05894533172249794,0.042236410081386566
3089,20,0.0057163238525390625,0.00016897585010156035,0.012999071124567338,0.05813361331820488,0.0419376976788044
3090,20,0.005238012410700321,0.00016209717432502657,0.012731738857085726,0.056938063353300095,0.0413203164935112
3091,20,0.005068457219749689,0.00018085827468894422,0.013448355835898462,0.0601428784430027,0.04301704838871956
3092,20,0.006523059215396643,0.00017638715507928282,0.013281082601929815,0.05939481034874916,0.04169284924864769
3093,20,0.005366725381463766,0.00016426329966634512,0.012816524476875356,0.05731723830103874,0.04030652716755867
3094,20,0.005314141511917114,0.0001726705813780427,0.013140417854012204,0.05876573547720909,0.04246419668197632
3095,20,0.005730904638767242,0.0001870460982900113,0.013676479747727895,0.061163078993558884,0.0431995615363121
3096,20,0.006402303930372,0.00018210537382401526,0.013494642411861652,0.06034987419843674,0.042952440679073334
3097,20,0.0050542219541966915,0.00017413528985343874,0.013196033110501002,0.0590144544839859,0.04209224879741669
3098,20,0.006390254013240337,0.00017878467042464763,0.013371038494621412,0.05979710444808006,0.041856665164232254
3099,20,0.005570541135966778,0.00018022120639216155,0.013424649209277743,0.06003686040639877,0.04302579164505005
3100,20,0.005350762978196144,0.0001759017031872645,0.013262793943482063,0.05931301414966583,0.04252512753009796
3101,20,0.005291230045258999,0.0001747214701026678,0.013218224922532822,0.059113699942827225,0.041649628430604935
3102,20,0.005418372340500355,0.00017743317584972829,0.013320404492721994,0.05957065895199776,0.04298838973045349
3103,20,0.005703303497284651,0.00017424311954528093,0.013200118164065083,0.05903272703289986,0.0427076481282711
3104,20,0.005789700895547867,0.00017162764561362565,0.013100673479391265,0.058587994426488876,0.041294243186712265
3105,20,0.005752198398113251,0.00018745851411949843,0.013691549003655447,0.06123047322034836,0.044067949056625366
3106,20,0.005558597855269909,0.0001768981310306117,0.013300305674329884,0.05948077514767647,0.04176982119679451
3107,20,0.005636363755911589,0.00017353877774439752,0.013173411773128384,0.05891329050064087,0.041970252990722656
3108,20,0.00482949148863554,0.00016967493866104633,0.013025933312475015,0.05825374275445938,0.04149346053600311
3109,20,0.006440105382353067,0.00018981730681844056,0.013777420180078728,0.061614494770765305,0.043595343828201294
3110,20,0.006020695902407169,0.00017215627303812653,0.013120833549669263,0.05867815017700195,0.04097609221935272
3111,20,0.005305801052600145,0.00016588791913818568,0.012879748411292267,0.057599987834692,0.04079364240169525
3112,20,0.005478224717080593,0.0001705560425762087,0.013059710662040286,0.05840479955077171,0.04217413067817688
3113,20,0.005878792144358158,0.00017017476784531027,0.013045105129714758,0.05833948403596878,0.04034978896379471
3114,20,0.005808711517602205,0.00017217968706972897,0.013121725765680709,0.058682143688201904,0.041231296956539154
3115,20,0.005406543612480164,0.00017251269309781492,0.013134408745650293,0.05873886123299599,0.04166688024997711
3116,20,0.005560890771448612,0.00016246076847892255,0.012746009904237583,0.05700188875198364,0.04170152544975281
3117,20,0.005158226005733013,0.00016301065625157207,0.01276756265900317,0.05709827318787575,0.041881486773490906
3118,20,0.005333306733518839,0.00016229010361712426,0.012739313310266148,0.05697194114327431,0.04083897918462753
3119,20,0.004805477801710367,0.00016173222684301436,0.012717398587880084,0.05687393620610237,0.04168343544006348
3120,20,0.005171324126422405,0.0001612699416000396,0.012699210274660373,0.056792594492435455,0.04191683977842331
3121,20,0.005087363068014383,0.0001450031268177554,0.012041724412132816,0.053852230310440063,0.038978807628154755
3122,20,0.005561914294958115,0.00016135784971993417,0.012702670967947418,0.056808073073625565,0.042761169373989105
3123,20,0.005469995550811291,0.00016769907961133868,0.01294986793798835,0.05791356787085533,0.04325874149799347
3124,20,0.0052864993922412395,0.00016780596342869103,0.012953994111033517,0.05793202295899391,0.04389156773686409
3125,20,0.004539725370705128,0.00015187449753284454,0.012323737157731194,0.055113427340984344,0.04109972342848778
3126,20,0.005038377363234758,0.0001665182353463024,0.012904194486534307,0.057709310203790665,0.04334432631731033
3127,20,0.004774910397827625,0.00015053115203045309,0.012269113742665079,0.054869145154953,0.04174383729696274
3128,20,0.006296923849731684,0.00017630986985750496,0.013278172685181684,0.059381794184446335,0.044435907155275345
3129,20,0.005696100182831287,0.00017037728684954345,0.013052865082024844,0.05837418884038925,0.04488582909107208
3130,20,0.005849757697433233,0.0001613975764485076,0.012704234587274732,0.05681506544351578,0.04180656746029854
3131,20,0.0046957009471952915,0.00015040274593047798,0.012263879725864813,0.05484573915600777,0.04121663421392441
3132,20,0.005111660808324814,0.00015872246876824647,0.012598510577375663,0.05634225159883499,0.042262278497219086
3133,20,0.00564404483884573,0.00017267784278374165,0.013140694151518088,0.05876697227358818,0.04127991944551468
3134,20,0.0046094683930277824,0.0001486810651840642,0.012193484538230416,0.05453091859817505,0.04204939305782318
3135,20,0.004646961111575365,0.0001528597204014659,0.012363645109815547,0.055291902273893356,0.04228869453072548
3136,20,0.004597047343850136,0.00014957025996409357,0.012229892066739328,0.054693739861249924,0.04258126765489578
3137,20,0.0047845179215073586,0.0001482864172430709,0.01217729104698869,0.05445850268006325,0.04174046963453293
3138,20,0.004974734969437122,0.00013629738532472402,0.011674647117781507,0.05221060663461685,0.040839698165655136
3139,20,0.004279883112758398,0.00014850471052341163,0.012186250880537937,0.054498571902513504,0.04199238494038582
3140,20,0.005686065182089806,0.00016208915621973574,0.012731423966694995,0.056936658918857574,0.046582236886024475
3141,20,0.004441075958311558,0.00014138912956696004,0.011890716108248487,0.05317689850926399,0.04082086309790611
3142,20,0.004639600869268179,0.0001428642717655748,0.011952584313259405,0.05345357954502106,0.041646890342235565
3143,20,0.005088199861347675,0.00014431195450015366,0.012012991072174892,0.05372373014688492,0.04166356474161148
3144,20,0.005182482302188873,0.000149950705235824,0.012245436098229576,0.054763250052928925,0.042759042233228683
3145,20,0.004467850085347891,0.00014406342233996838,0.01200264230659101,0.053677450865507126,0.041710369288921356
3146,20,0.0046362667344510555,0.0001455137098673731,0.012062906360714781,0.05394695699214935,0.041881538927555084
3147,20,0.004425468388944864,0.00013985314581077546,0.011825952215816511,0.052887268364429474,0.04147715866565704
3148,20,0.00512242317199707,0.00016060247435234487,0.012672903154066351,0.05667494609951973,0.043449461460113525
3149,20,0.005099442787468433,0.00015353837807197124,0.01239106040950375,0.055414509028196335,0.044851820915937424
3150,20,0.004809183068573475,0.00015347450971603394,0.012388482946512618,0.055402979254722595,0.043072301894426346
3151,20,0.004941681865602732,0.00014197999553289264,0.011915535889455105,0.053287897258996964,0.04086888208985329
3152,20,0.004669876303523779,0.0001544954429846257,0.012429619583262623,0.05558695271611214,0.04430690407752991
3153,20,0.005120920483022928,0.00015359147801063955,0.012393202895564953,0.05542408674955368,0.042901940643787384
3154,20,0.004523884505033493,0.00014676628052257001,0.01211471339002991,0.054178643971681595,0.0428430438041687
3155,20,0.0051591903902590275,0.00014666888455394655,0.012110692984051184,0.05416066572070122,0.043424490839242935
3156,20,0.004634483717381954,0.0001448521070415154,0.012035452091280801,0.053824178874492645,0.04156211391091347
3157,20,0.004854181315749884,0.00013985074474476278,0.011825850698565527,0.05288681387901306,0.037917643785476685
3158,20,0.0044223591685295105,0.00014260220632422715,0.011941616570809296,0.053404536098241806,0.04134143888950348
3159,20,0.004916462115943432,0.000141272452310659,0.011885808862280219,0.053154949098825455,0.04116423800587654
3160,20,0.004308042116463184,0.00014069656026549637,0.011861558087599469,0.05304649844765663,0.041777562350034714
3161,20,0.00469930749386549,0.00014457604265771806,0.012023977821740943,0.05377286300063133,0.0421927310526371
3162,20,0.004266207106411457,0.000136447066324763,0.011681055873711203,0.052239272743463516,0.04075877368450165
3163,20,0.0048370626755058765,0.000143289435072802,0.011970356514022546,0.05353306606411934,0.04173007607460022
3164,20,0.004790312610566616,0.00013684533769264817,0.011698091198680585,0.052315451204776764,0.04146909713745117
3165,20,0.004442424979060888,0.0001380780740873888,0.011750662708434313,0.05255056172609329,0.04214410483837128
3166,20,0.004521031863987446,0.00014156222459860146,0.01189799246085664,0.05320943892002106,0.04168221354484558
3167,20,0.004586898256093264,0.00013527732517104596,0.011630878091143677,0.05201486870646477,0.04024305194616318
3168,20,0.004772258922457695,0.0001359393063466996,0.01165930128038124,0.052141979336738586,0.040371064096689224
3169,20,0.004785090684890747,0.0001382852642564103,0.01175947550940986,0.05258997529745102,0.04157887026667595
3170,20,0.004724849946796894,0.00014930497854948044,0.012219041637930547,0.05464521422982216,0.04224516078829765
3171,20,0.005122157279402018,0.00013462849892675877,0.011602952164288137,0.05188997834920883,0.040073953568935394
3172,20,0.0047581493854522705,0.00014261277101468295,0.011942058910199822,0.05340651050209999,0.04077144339680672
3173,20,0.0049482244066894054,0.0001447401737095788,0.01203080104189155,0.053803376853466034,0.041552577167749405
3174,20,0.0051330984570086,0.00014872441533952951,0.012195262003726262,0.054538872092962265,0.04130503535270691
3175,20,0.004877193830907345,0.00013387358922045678,0.011570375500408653,0.05174429714679718,0.03911948204040527
3176,20,0.004985027015209198,0.00013570049486588687,0.011649055535359373,0.052096158266067505,0.03914366289973259
3177,20,0.0051396614871919155,0.00015094946138560772,0.01228614916829548,0.05494533106684685,0.0408262200653553
3178,20,0.004386083222925663,0.00013862215564586222,0.011773791048165507,0.05265399441123009,0.039343222975730896
3179,20,0.00498832855373621,0.00014386670954991132,0.01199444494547002,0.053640786558389664,0.04135294258594513
3180,20,0.004753199405968189,0.00013645199942402542,0.011681267029908418,0.05224021524190903,0.03894077613949776
3181,20,0.004355048295110464,0.00014214652765076607,0.011922521866231408,0.053319141268730164,0.03910914808511734
3182,20,0.0044668205082416534,0.00013894026051275432,0.011787292331691545,0.05271437391638756,0.04058749973773956
3183,20,0.006349163595587015,0.00016362876340281218,0.012791745909093573,0.05720642954111099,0.04019084572792053
3184,20,0.005381240975111723,0.00012969589442946017,0.011388410531301555,0.05093051865696907,0.03820266202092171
3185,20,0.0047012739814817905,0.00015587563393637538,0.012485016377096803,0.05583469197154045,0.04197494313120842
3186,20,0.004712057299911976,0.00014355938765220344,0.011981627087011323,0.05358346551656723,0.04032612964510918
3187,20,0.004989542067050934,0.00015346163127105683,0.012387963160707931,0.05540065839886665,0.04094947129487991
3188,20,0.004842678084969521,0.00014921829279046506,0.012215493964243323,0.05462935194373131,0.04058537632226944
3189,20,0.004421904683113098,0.00014860597730148584,0.012190405132787255,0.054517149925231934,0.0413394495844841
3190,20,0.004986441694200039,0.0001432846620446071,0.01197015714368893,0.05353216826915741,0.04011856019496918
3191,20,0.004334013909101486,0.00014492178161162883,0.012038346298874644,0.0538371205329895,0.04052409157156944
3192,20,0.0048913112841546535,0.00014998289407230914,0.012246750347431319,0.054769132286310196,0.040849652141332626
3193,20,0.005611690692603588,0.0001600092218723148,0.012649475161931219,0.05657017230987549,0.04325556382536888
3194,20,0.004652503877878189,0.00014442605606745929,0.012017739224473932,0.05374496430158615,0.040884971618652344
3195,20,0.0048368037678301334,0.00015378718671854585,0.0124010961901981,0.055459387600421906,0.04103279113769531
3196,20,0.005491937510669231,0.0001720324216876179,0.013116113055612852,0.05865703895688057,0.04299347102642059
3197,20,0.004789883736521006,0.00014256502618081868,0.01194005972266549,0.05339756980538368,0.041023753583431244
3198,20,0.004859944339841604,0.00015307837747968733,0.012372484693047203,0.055331431329250336,0.042167242616415024
3199,20,0.005352127831429243,0.00015513872494921088,0.012455469679992436,0.05570255592465401,0.04067767411470413
3200,20,0.0051772985607385635,0.00014350769924931228,0.011979469906857828,0.05357382073998451,0.04110616073012352
3201,20,0.005430311895906925,0.0001473402517149225,0.012138379286993899,0.054284483194351196,0.04131161421537399
3202,20,0.00572314765304327,0.00016846384096425027,0.01297936211700137,0.05804547294974327,0.043355293571949005
3203,20,0.005092206411063671,0.00015806386363692582,0.012572345192402483,0.056225236505270004,0.04346912354230881
3204,20,0.005087948404252529,0.00015334994532167912,0.01238345449871235,0.05538049340248108,0.042139314115047455
3205,20,0.0070266276597976685,0.00018965124036185443,0.013771392099633734,0.061587538570165634,0.0443195104598999
3206,20,0.004704905673861504,0.00014214034308679402,0.011922262498653266,0.05331797897815704,0.041937217116355896
3207,20,0.006378702819347382,0.0001471835421398282,0.012131922442046363,0.05425560474395752,0.036871641874313354
3208,20,0.005167159717530012,0.00015933970280457288,0.012622983118287566,0.056451696902513504,0.04364636540412903
3209,20,0.006125309504568577,0.00017915150965563953,0.013384749144292527,0.05985841900110245,0.046878598630428314
3210,20,0.005820848513394594,0.00017417474009562284,0.013197527802419014,0.05902114138007164,0.043960992246866226
3211,20,0.005302156321704388,0.00015785222058184445,0.012563925365181236,0.05618757754564285,0.043395161628723145
3212,20,0.004988776054233313,0.00015821184206288308,0.01257822889213275,0.05625154823064804,0.04286105930805206
3213,20,0.0048776972107589245,0.00016513268928974867,0.01285039646430213,0.0574687197804451,0.044558171182870865
3214,20,0.00491060595959425,0.00015879022248554975,0.012601199247910881,0.056354276835918427,0.04068509861826897
3215,20,0.004602399189025164,0.00015101734607014805,0.012288911508760573,0.05495768040418625,0.0420120432972908
3216,20,0.004636781755834818,0.00015729779261164367,0.012541841675433624,0.05608882009983063,0.0434068888425827
3217,20,0.004770084749907255,0.00016381237946916372,0.012798921027538365,0.057238515466451645,0.045583102852106094
3218,20,0.0050039333291351795,0.00016607667203061283,0.0128870738350726,0.057632748037576675,0.04677973687648773
3219,20,0.004940446466207504,0.00017004477558657527,0.01304012176272044,0.05831719934940338,0.04680682718753815
3220,20,0.0052266656421124935,0.00017549158656038344,0.013247323750870718,0.059243831783533096,0.047354865819215775
3221,20,0.005180126987397671,0.00017329308320768178,0.013164083075082813,0.058871570974588394,0.04668419063091278
3222,20,0.005731009878218174,0.00016336239059455693,0.012781329766286329,0.057159844785928726,0.04516281932592392
3223,20,0.005133482161909342,0.00014397045015357435,0.011998768693227416,0.05366012454032898,0.04176300764083862
3224,20,0.004691645968705416,0.0001528315042378381,0.012362503963107074,0.055286798626184464,0.042834073305130005
3225,20,0.005776848644018173,0.0001731518132146448,0.013158716244932284,0.058847568929195404,0.04500918835401535
3226,20,0.004981211852282286,0.0001518578501418233,0.01232306171946823,0.05511040613055229,0.04382907599210739
3227,20,0.005225990433245897,0.00016555466572754085,0.012866804798688012,0.0575421005487442,0.043207284063100815
3228,20,0.0050638457760214806,0.0001509064604761079,0.012284399068579133,0.05493750050663948,0.04085725173354149
3229,20,0.006272315979003906,0.00016246414452325553,0.012746142338890442,0.0570024810731411,0.04361534118652344
3230,20,0.0053598009981215,0.00016698533727321774,0.012922280652934982,0.05779019370675087,0.044765982776880264
3231,20,0.0049783941358327866,0.0001501728838775307,0.012254504636154441,0.05480381101369858,0.042640261352062225
3232,20,0.005362191703170538,0.00016254917136393487,0.012749477297675182,0.05701739341020584,0.04074262082576752
3233,20,0.005366026423871517,0.00017335175652988255,0.013166311424612534,0.05888153240084648,0.04438433051109314
3234,20,0.00618412671610713,0.00017918426601681858,0.013385972733306257,0.05986388772726059,0.04719208553433418
3235,20,0.005443707574158907,0.00015193401486612856,0.012326151664900467,0.05512422323226929,0.04237962141633034
3236,20,0.004461721517145634,0.00014169246423989534,0.011903464379746568,0.05323391035199165,0.04118504375219345
3237,20,0.004964410327374935,0.00015606261149514467,0.01249250221113227,0.05586816743016243,0.042634449899196625
3238,20,0.0048016770742833614,0.00015829960466362536,0.012581717079303022,0.056267149746418,0.042273566126823425
3239,20,0.00484441826120019,0.00015398880350403488,0.012409222518112682,0.0554957315325737,0.041566960513591766
3240,20,0.00463056517764926,0.00014401732187252492,0.012000721722985035,0.05366886034607887,0.04102032631635666
3241,20,0.005010014399886131,0.00016596548084635288,0.012882759054113868,0.05761345103383064,0.04535906761884689
3242,20,0.005729065276682377,0.00014765970990993083,0.012151531175532195,0.05434329807758331,0.04076205566525459
3243,20,0.004545109812170267,0.000150752515764907,0.012278131607248189,0.05490947142243385,0.042210713028907776
3244,20,0.0054889218881726265,0.00018066591292154044,0.013441202063860971,0.06011088564991951,0.046042270958423615
3245,20,0.004751438740640879,0.0001507802662672475,0.012279261633634471,0.054914526641368866,0.04225992411375046
3246,20,0.0047806017100811005,0.00015116848226170987,0.012295059262228462,0.0549851730465889,0.04188959673047066
3247,20,0.005170104559510946,0.0001572841574670747,0.012541298077434995,0.05608639121055603,0.04247715324163437
3248,20,0.004609914496541023,0.00014344316150527447,0.011976775922813054,0.05356176942586899,0.04049333930015564
3249,20,0.004365854896605015,0.0001444312947569415,0.01201795717902762,0.05374594032764435,0.041393719613552094
3250,20,0.006264938972890377,0.00014626594202127308,0.012094045725946015,0.054086219519376755,0.039992209523916245
3251,20,0.004495569970458746,0.00013885137741453946,0.011783521435230619,0.05269750952720642,0.04031191021203995
3252,20,0.004550565034151077,0.00014005768753122538,0.011834597058253626,0.05292593315243721,0.040943022817373276
3253,20,0.0045873625203967094,0.0001354782289126888,0.01163951154098353,0.052053481340408325,0.037938881665468216
3254,20,0.004785638302564621,0.00014512073539663106,0.012046606800117246,0.05387406051158905,0.04101661592721939
3255,20,0.0044357189908623695,0.00014651364472229034,0.01210428208206874,0.054131995886564255,0.041801005601882935
3256,20,0.004513414576649666,0.00014865773846395314,0.012192527976754991,0.054526641964912415,0.042117342352867126
3257,20,0.004872552119195461,0.00015105264901649207,0.012290347798841661,0.054964110255241394,0.0420333556830883
3258,20,0.004706962499767542,0.0001350876409560442,0.011622720892977006,0.05197838693857193,0.03935985267162323
3259,20,0.004403253085911274,0.0001407035015290603,0.011861850678922758,0.05304780974984169,0.04064836725592613
3260,20,0.0046354373916983604,0.00014402465603780001,0.012001027290936389,0.05367022380232811,0.04210551828145981
3261,20,0.00481267599388957,0.00014288927195593715,0.011953630074414096,0.053458262234926224,0.04081469401717186
3262,20,0.0045434958301484585,0.00014408126298803836,0.012003385480273403,0.053680770099163055,0.04107627272605896
3263,20,0.004806766752153635,0.00012938569125253707,0.011374783129912283,0.05086957663297653,0.04075460508465767
3264,20,0.004647854715585709,0.00014451160677708685,0.01202129804875858,0.05376087501645088,0.041972510516643524
3265,20,0.005147431045770645,0.00014860622468404472,0.012190415279392443,0.054517194628715515,0.041901178658008575
3266,20,0.004457538481801748,0.00014069140888750553,0.011861340939687449,0.05304552987217903,0.041580647230148315
3267,20,0.005015456583350897,0.00015635485760867596,0.0125041936008955,0.05592045560479164,0.04277978092432022
3268,20,0.005814356729388237,0.00015158738824538887,0.012312083018132589,0.05506131052970886,0.04101032763719559
3269,20,0.005044200457632542,0.00015674643509555608,0.012519841656169461,0.05599043518304825,0.042573459446430206
3270,20,0.005903960205614567,0.00015634542796760798,0.012503816536066418,0.05591876804828644,0.04456957057118416
3271,20,0.0047080060467123985,0.00013846767251379788,0.011767228752505743,0.052624646574258804,0.039399318397045135
3272,20,0.0044432273134589195,0.00014244343037717044,0.011934966710350324,0.053374793380498886,0.04137590527534485
3273,20,0.004482771269977093,0.00014346188982017338,0.01197755775691244,0.05356527119874954,0.04169875383377075
3274,20,0.00445029279217124,0.00014447173452936113,0.012019639534085918,0.05375346168875694,0.0421171598136425
3275,20,0.0044412193819880486,0.00014394459140021354,0.011997691086213777,0.05365530401468277,0.04152137413620949
3276,20,0.0044776517897844315,0.00014512291818391532,0.01204669739737474,0.05387447029352188,0.04159676656126976
3277,20,0.004639009013772011,0.00015343999257311225,0.012387089753978222,0.05539675056934357,0.04199958220124245
3278,20,0.005086566787213087,0.00013556402700487524,0.011643196597364285,0.052069954574108124,0.03975667804479599
3279,20,0.004469151608645916,0.00014496079529635608,0.012039966582028211,0.05384436994791031,0.0419640950858593
3280,20,0.0045075202360749245,0.00014006956189405173,0.011835098727685026,0.052928172051906586,0.04096081480383873
3281,20,0.004837275482714176,0.00014229293446987867,0.011928660212692734,0.05334658920764923,0.04173130542039871
3282,20,0.00503547303378582,0.00013981436495669186,0.011824312451753458,0.0528799369931221,0.04120614007115364
3283,20,0.0051264711655676365,0.0001424947113264352,0.011937114866098726,0.05338440090417862,0.04160301387310028
3284,20,0.00417333235964179,0.00012928657815791667,0.01137042559264677,0.05085008963942528,0.04200027137994766
3285,20,0.004481663461774588,0.00012148429232183844,0.01102199130474337,0.04929184541106224,0.041009992361068726
3286,20,0.004419293720275164,0.0001250787900062278,0.011183862928622999,0.05001575127243996,0.042034298181533813
3287,20,0.00411603506654501,0.000125107413623482,0.01118514253925635,0.05002147704362869,0.04225078970193863
3288,20,0.004665896762162447,0.00012322203838266432,0.011100542256244256,0.0496431328356266,0.04124647006392479
3289,20,0.004241521004587412,0.0001171176991192624,0.010822093102503896,0.04839786887168884,0.041364043951034546
3290,20,0.004242168739438057,0.00012059633445460349,0.010981636237583336,0.049111369997262955,0.04150450974702835
3291,20,0.004417938180267811,0.00012596094165928662,0.011223232228698051,0.05019182339310646,0.04307841509580612
3292,20,0.003978716675192118,0.00011948428436880931,0.010930886714663605,0.04888441041111946,0.042275477200746536
3293,20,0.003962851595133543,0.00011079171963501722,0.010525764562967253,0.047072649002075195,0.04127121716737747
3294,20,0.004048697184771299,0.00010912886500591412,0.01044647620041869,0.046718060970306396,0.041755273938179016
3295,20,0.004465422593057156,0.00011595133400987834,0.01076807011538643,0.04815627634525299,0.04389650374650955
3296,20,0.0038738087750971317,0.00010870659025385976,0.01042624526154357,0.04662758484482765,0.04210738465189934
3297,20,0.0036477562971413136,0.00010819564340636134,0.010401713484150645,0.04651787504553795,0.04251069948077202
3298,20,0.004003355745226145,0.00010180690878769383,0.01008994097047618,0.04512358829379082,0.04127395898103714
3299,20,0.004316506441682577,0.00011113948130514473,0.010542271164466637,0.04714646935462952,0.04148136079311371
3300,20,0.004252517595887184,0.00011173640086781234,0.010570544019482268,0.04727290943264961,0.042007967829704285
3301,20,0.003994038328528404,0.00010537636990193278,0.010265299308930683,0.04590781405568123,0.04159832000732422
3302,20,0.004058263264596462,0.00010311545338481665,0.01015457795207741,0.04541265219449997,0.04124077782034874
3303,20,0.0037659169174730778,0.00010411289986222982,0.010203572896894001,0.0456317663192749,0.041947316378355026
3304,20,0.003809374524280429,0.00010785077756736428,0.010385122896112702,0.04644368216395378,0.04257846623659134
3305,20,0.0037785128224641085,0.0001054508175002411,0.0102689248463625,0.045924026519060135,0.042674753814935684
3306,20,0.003860312979668379,0.00010569399455562234,0.01028075846207965,0.045976947993040085,0.042445577681064606
3307,20,0.0038334722630679607,0.00010731597285484895,0.010359342298372468,0.04632838815450668,0.04311733692884445
3308,20,0.004143392201513052,0.00010368953371653333,0.010182805788019986,0.04553889110684395,0.041739244014024734
3309,20,0.004702249076217413,9.403807780472562e-05,0.009697323228846484,0.04336774721741676,0.03949860855937004
3310,20,0.003393756225705147,9.980049071600661e-05,0.009990019555336547,0.044676728546619415,0.04141748696565628
3311,20,0.0036637403536587954,9.89913460216485e-05,0.009949439482787384,0.044495247304439545,0.041648175567388535
3312,20,0.004711703397333622,0.00010436135198688135,0.010215740403264041,0.045686181634664536,0.04126709699630737
3313,20,0.004296980798244476,0.00011358662595739588,0.010657702658518668,0.04766269400715828,0.044390857219696045
3314,20,0.003623517695814371,0.00010182699043070897,0.010090936053246447,0.04512804001569748,0.041905343532562256
3315,20,0.003707747207954526,9.951327228918672e-05,0.009975633929188998,0.04461239278316498,0.04228654131293297
3316,20,0.0036782133392989635,9.572325507178903e-05,0.00978382619795492,0.04375460371375084,0.041312411427497864
3317,20,0.003838192205876112,9.996212611440569e-05,0.00999810612638242,0.044712889939546585,0.04201484099030495
3318,20,0.003844836726784706,0.0001021831194520928,0.010108566636872549,0.045206885784864426,0.04223017022013664
3319,20,0.0037087486125528812,9.90569096757099e-05,0.00995273377900313,0.04450998082756996,0.04199571534991264
3320,20,0.0037523447535932064,9.763564594322816e-05,0.009881075141057686,0.044189512729644775,0.04143255949020386
3321,20,0.0039046499878168106,9.778696403373033e-05,0.009888729141488826,0.04422374442219734,0.04170505702495575
3322,20,0.0034371197689324617,9.58307646214962e-05,0.009789318904882821,0.0437791645526886,0.041669126600027084
3323,20,0.003532764967530966,9.328176383860409e-05,0.009658248487101794,0.04319299757480621,0.04091747850179672
3324,20,0.0034279171377420425,9.19997546589002e-05,0.009591650257327996,0.04289516434073448,0.040908947587013245
3325,20,0.003331597428768873,9.441615839023143e-05,0.009716797743610362,0.043454840779304504,0.041480857878923416
3326,20,0.0031824465841054916,9.052745008375496e-05,0.009514591430206288,0.04255054518580437,0.04070999473333359
3327,20,0.0036092910449951887,9.282390237785876e-05,0.009634516198432527,0.04308686777949333,0.041170794516801834
3328,20,0.0037318270187824965,9.486150520388037e-05,0.00973968712043053,0.04355720430612564,0.04107698053121567
3329,20,0.0036263137590140104,9.413145744474605e-05,0.009702136746343357,0.043389275670051575,0.0412057563662529
3330,20,0.0033394035417586565,9.27605215110816e-05,0.009631226376276367,0.04307215288281441,0.04105818271636963
3331,20,0.003256317926570773,9.576307638781145e-05,0.009785861044783512,0.04376370087265968,0.04205596446990967
3332,20,0.003511537564918399,9.3681643193122e-05,0.009678927791502631,0.04328548163175583,0.04118683189153671
3333,20,0.0034510090481489897,9.118537855101749e-05,0.009549103546983743,0.04270489141345024,0.040466323494911194
3334,20,0.003437922103330493,9.544500062474981e-05,0.009769595724734459,0.043690960854291916,0.0418054573237896
3335,20,0.003204106818884611,9.847230830928311e-05,0.009923321435350319,0.04437844455242157,0.04253344237804413
3336,20,0.0036575342528522015,9.667705307947472e-05,0.009832448986873755,0.04397204890847206,0.04163754731416702
3337,20,0.0035446814727038145,9.769199095899239e-05,0.009883925887975506,0.04420226439833641,0.04166892170906067
3338,20,0.003809040877968073,0.00010019069304689765,0.010009530111193914,0.04476397857069969,0.04254885017871857
3339,20,0.004089095164090395,9.489032527199015e-05,0.009741166525216071,0.04356382042169571,0.04114265739917755
3340,20,0.0042600445449352264,0.00010372779797762632,0.01018468448100511,0.04554729536175728,0.042369499802589417
3341,20,0.003926520701497793,9.9850760307163e-05,0.00999253522921801,0.04468797519803047,0.041544243693351746
3342,20,0.003930861130356789,9.933127876138315e-05,0.009966507851869838,0.04457158222794533,0.04170391708612442
3343,20,0.004095784388482571,0.00010858262976398692,0.010420298928724977,0.04660099372267723,0.04334176331758499
3344,20,0.004224258475005627,0.00010299020505044609,0.01014840899109048,0.04538506269454956,0.042335961014032364
3345,20,0.003996132407337427,0.0001005921876640059,0.010029565676738246,0.0448535792529583,0.04141811281442642
3346,20,0.003923541866242886,0.00010012414713855833,0.010006205431558874,0.04474911093711853,0.04126333072781563
3347,20,0.004784388933330774,0.00011081252887379378,0.01052675300716198,0.04707707092165947,0.04274963587522507
3348,20,0.004612199496477842,0.00010649788600858301,0.010319781296548054,0.04615146294236183,0.04253657907247543
3349,20,0.004239137750118971,0.00010306203330401331,0.010151947266609165,0.04540088772773743,0.04186723008751869
3350,20,0.003962269984185696,0.00010587405267870054,0.010289511780385915,0.04601609706878662,0.04270973801612854
3351,20,0.004166626837104559,0.00010262122668791562,0.010130213555888919,0.045303694903850555,0.04229887202382088
3352,20,0.005381831433624029,0.00010700991697376594,0.010344559776702242,0.04626227915287018,0.04158397763967514
3353,20,0.003987383097410202,0.00010009193647420034,0.010004595767656,0.0447419136762619,0.04190240800380707
3354,20,0.004670422524213791,0.00011257808364462107,0.010610281977620626,0.047450628131628036,0.04431192949414253
3355,20,0.004809827543795109,0.00011035702482331544,0.010505095183924581,0.04698021337389946,0.04284457862377167
3356,20,0.00402173912152648,9.839815174927935e-05,0.009919584252844438,0.04436172917485237,0.04161279276013374
3357,20,0.0043351068161427975,0.00010043045040220022,0.0100214994088809,0.04481750726699829,0.04116446152329445
3358,20,0.004182347096502781,9.770346514414996e-05,0.009884506317674645,0.04420485720038414,0.041079506278038025
3359,20,0.0038856882601976395,9.28664012462832e-05,0.009636721498844055,0.04309673234820366,0.040846116840839386
3360,20,0.004506474360823631,0.00010251998901367188,0.01012521550455455,0.045281339436769485,0.04231038689613342
3361,20,0.004091820679605007,0.00010182205733144656,0.010090691618092715,0.04512694478034973,0.04180845990777016
3362,20,0.004243101924657822,9.588623652234674e-05,0.009792151782031707,0.04379183426499367,0.040892358869314194
3363,20,0.003849957836791873,0.00010083864617627114,0.010041844759618182,0.044908493757247925,0.04233422130346298
3364,20,0.005470805801451206,0.00010522008960833773,0.01025768441746663,0.04587375745177269,0.04086722433567047
3365,20,0.00425058463588357,9.975791908800602e-05,0.009987888620124176,0.04466719552874565,0.041420698165893555
3366,20,0.005257672164589167,9.140974725596607e-05,0.009560844484456698,0.04275739565491676,0.036288127303123474
3367,20,0.004992776550352573,0.00010789425869006664,0.01038721611838642,0.04645304009318352,0.04167856276035309
3368,20,0.004718230105936527,0.00010407471563667059,0.01020170160496133,0.04562339559197426,0.04142142832279205
3369,20,0.0038754467386752367,9.488787327427417e-05,0.009741040666903828,0.04356326162815094,0.04108113795518875
3370,20,0.004775505047291517,9.885403414955363e-05,0.009942536605391687,0.04446437209844589,0.041155848652124405
3371,20,0.005067889578640461,0.00013178492372389883,0.01147976148375474,0.051339052617549896,0.047088995575904846
3372,20,0.005514809396117926,0.00010714547534007579,0.010351109860303666,0.046291571110486984,0.041343387216329575
3373,20,0.0045237778685987,6.602262874366716e-05,0.008125430988179467,0.03633803129196167,0.031196489930152893
3374,20,0.004558424465358257,0.00010574649786576629,0.010283311619598343,0.04598836600780487,0.04196460172533989
3375,20,0.004033525940030813,7.95464584371075e-05,0.00891888212934264,0.03988645225763321,0.03690403327345848
3376,20,0.004877655301243067,0.00010130731243407354,0.01006515337359911,0.045012738555669785,0.04072621092200279
3377,20,0.004465502221137285,8.893000631360337e-05,0.009430270744448611,0.04217345267534256,0.03737704083323479
3378,20,0.006123549770563841,0.00010371027747169137,0.010183824304832216,0.04554344713687897,0.037521298974752426
3379,20,0.004839845933020115,0.00011688139056786895,0.01081116971321184,0.04834901914000511,0.044432420283555984
3380,20,0.004303465131670237,9.528939699521288e-05,0.009761628808514125,0.043655335903167725,0.04013264924287796
3381,20,0.004688108805567026,8.318418986164033e-05,0.009120536709078053,0.040788277983665466,0.0368315614759922
3382,20,0.003911249339580536,9.186926035908982e-05,0.009584845348730976,0.042864732444286346,0.040451545268297195
3383,20,0.006220236420631409,0.00012287867139093578,0.011085065240716258,0.04957392066717148,0.04130135476589203
3384,20,0.00378877529874444,9.041470184456557e-05,0.00950866456683406,0.04252403974533081,0.039985090494155884
3385,20,0.004601344466209412,0.00010106419358635321,0.010053068864100814,0.0449586883187294,0.04159238189458847
3386,20,0.004385202191770077,0.00010636333900038153,0.010313260347745592,0.04612230509519577,0.04301105812191963
3387,20,0.0048941997811198235,0.00010971012670779601,0.010474260198591403,0.046842314302921295,0.042600374668836594
3388,20,0.004200323950499296,9.478953870711848e-05,0.009735991922095996,0.043540678918361664,0.04011812061071396
3389,20,0.004082304425537586,9.600360499462113e-05,0.009798142936017065,0.043818626552820206,0.040599122643470764
3390,20,0.0035942941904067993,8.808478742139414e-05,0.009385349616364546,0.041972558945417404,0.03877173736691475
3391,20,0.005008104257285595,9.189466072712094e-05,0.00958617028469247,0.0428706556558609,0.03678455203771591
3392,20,0.004442965146154165,9.832576324697584e-05,0.009915934814578796,0.04434541240334511,0.04000478610396385
3393,20,0.004175225272774696,9.480833978159353e-05,0.009736957419111656,0.04354500025510788,0.04018701612949371
3394,20,0.004431821871548891,9.734024934004992e-05,0.009866116223725014,0.044122613966464996,0.04078388586640358
3395,20,0.004230118356645107,9.53222406678833e-05,0.009763310948027995,0.04366285353899002,0.04010097682476044
3396,20,0.004311840049922466,9.516689169686288e-05,0.009755351951460434,0.04362725839018822,0.040211327373981476
3397,20,0.005448733922094107,0.00011810306750703603,0.010867523522267436,0.04860103875398636,0.044118236750364304
3398,20,0.0037657045759260654,9.823970322031528e-05,0.009911594383363117,0.04432599991559982,0.04187586158514023
3399,20,0.0037435353733599186,9.231387230101973e-05,0.009608010839972014,0.04296833276748657,0.04045073688030243
3400,20,0.0035571916960179806,8.777388575254008e-05,0.009368771838002037,0.041898421943187714,0.039625249803066254
3401,20,0.00413668854162097,9.602597856428474e-05,0.009799284594514271,0.0438237302005291,0.04084637016057968
3402,20,0.004758940543979406,0.0001109165241359733,0.010531691418569635,0.04709915816783905,0.04338552802801132
3403,20,0.0041073523461818695,8.800996147328988e-05,0.009381362452932402,0.04195472598075867,0.03828365355730057
3404,20,0.004169757477939129,9.596174641046673e-05,0.009796006656309843,0.04380907490849495,0.04088952764868736
3405,20,0.0036839910317212343,8.906925359042361e-05,0.009437650851267153,0.04220645874738693,0.039281029254198074
3406,20,0.004274276550859213,0.00010120168008143082,0.0100599045761593,0.04498926177620888,0.04179276525974274
3407,20,0.0036621694453060627,9.334278729511425e-05,0.009661407107410092,0.04320712760090828,0.04080865532159805
3408,20,0.0034621693193912506,9.317074727732688e-05,0.009652499535215056,0.043167293071746826,0.040520697832107544
3409,20,0.00360559718683362,8.699303725734353e-05,0.009327005803436789,0.04171163588762283,0.03898032009601593
3410,20,0.0037239366210997105,9.489340300206095e-05,0.009741324499371784,0.04356452822685242,0.04099486023187637
3411,20,0.004946304019540548,0.00010583311086520553,0.010287522095490513,0.046007197350263596,0.03933759778738022
3412,20,0.003194779623299837,9.095749555854127e-05,0.009537163915889317,0.04265149310231209,0.040535785257816315
3413,20,0.003523465944454074,9.136803419096395e-05,0.009558662782573928,0.04274763911962509,0.04044104367494583
3414,20,0.004277211148291826,9.022189624374732e-05,0.009498520739765077,0.04247867316007614,0.03926213085651398
3415,20,0.0035531162284314632,9.127498924499378e-05,0.009553794494597095,0.04272587224841118,0.04061384126543999
3416,20,0.0033224127255380154,9.281783422920853e-05,0.009634201276141605,0.043085455894470215,0.041024863719940186
3417,20,0.0038087894208729267,9.261589002562687e-05,0.009623714980485804,0.043038561940193176,0.040502000600099564
3418,20,0.004036075435578823,9.543411579215899e-05,0.009769038631930934,0.043688468635082245,0.03975459188222885
3419,20,0.003820538055151701,9.261736704502255e-05,0.009623791718705395,0.04303890839219093,0.04029267281293869
3420,20,0.00392394931986928,9.199797204928473e-05,0.009591557331804086,0.042894747108221054,0.03993706405162811
3421,20,0.004093790426850319,0.00010266715253237635,0.010132480078064617,0.04531383141875267,0.04244277626276016
3422,20,0.003943554125726223,9.069088991964236e-05,0.009523176461645681,0.042588941752910614,0.03997223079204559
3423,20,0.004062202759087086,8.402449020650238e-05,0.00916648734284308,0.04099377617239952,0.03791254758834839
3424,20,0.00398614164441824,9.985799988498911e-05,0.009992897471954223,0.0446895956993103,0.04150242358446121
3425,20,0.003853182541206479,9.673282329458743e-05,0.009835284606689703,0.043984729796648026,0.041141755878925323
3426,20,0.0038597737438976765,9.706836135592312e-05,0.009852327712572452,0.044060949236154556,0.041171781718730927
3427,20,0.0046541690826416016,0.0001089518191292882,0.01043799880864566,0.04668014869093895,0.04303853213787079
3428,20,0.003952023107558489,9.693406900623813e-05,0.009845510093755332,0.044030461460351944,0.0412045381963253
3429,20,0.003968154080212116,9.090156527236104e-05,0.009534231236568633,0.0426383800804615,0.03931133821606636
3430,20,0.0040936218574643135,9.340691030956805e-05,0.00966472505090383,0.043221961706876755,0.0404159314930439
3431,20,0.0039140814915299416,9.759122622199357e-05,0.009878827168343091,0.04417945817112923,0.041431255638599396
3432,20,0.004110542591661215,0.00010109469440067187,0.01005458573988366,0.0449654720723629,0.04208718240261078
3433,20,0.004085358697921038,0.00010137158824363723,0.010068345854391238,0.04502701014280319,0.042222876101732254
3434,20,0.004484323784708977,0.0001060911308741197,0.010300054896655635,0.046063248068094254,0.042377788573503494
3435,20,0.004293852485716343,0.00010602224210742861,0.010296710256554207,0.04604828730225563,0.04282622039318085
3436,20,0.004582744557410479,9.752453479450196e-05,0.009875451118531343,0.04416435956954956,0.03961421549320221
3437,20,0.003577913623303175,9.741762187331915e-05,0.009870036568996042,0.04414014518260956,0.04218428581953049
3438,20,0.0037487358786165714,0.00010249536717310548,0.010123999564060909,0.04527590051293373,0.04341210797429085
3439,20,0.0037202234379947186,9.048964420799166e-05,0.009512604491304769,0.042541660368442535,0.040538445115089417
3440,20,0.004476848058402538,9.912784298649058e-05,0.009956296650185277,0.04452591389417648,0.04131846874952316
3441,20,0.0037864476907998323,9.472858801018447e-05,0.00973286124478226,0.043526679277420044,0.040952857583761215
3442,20,0.003218223573639989,8.245653589256108e-05,0.009080558126710114,0.040609490126371384,0.03851336985826492
3443,20,0.0032888255082070827,9.034829417942092e-05,0.009505171970007746,0.04250842332839966,0.04045979678630829
3444,20,0.003258460434153676,8.195301052182913e-05,0.009052790206440727,0.04048530384898186,0.03854941576719284
3445,20,0.0054525029845535755,9.782587585505098e-05,0.009890696429223323,0.04423253983259201,0.03915964066982269
3446,20,0.003475868608802557,9.001851140055805e-05,0.009487808566816578,0.04243076965212822,0.04019850865006447
3447,20,0.0037663853727281094,9.090018284041435e-05,0.009534158737949267,0.04263805225491524,0.04062282666563988
3448,20,0.0033291534055024385,9.373716602567583e-05,0.009681795599250989,0.043298304080963135,0.04099191725254059
3449,20,0.004389745648950338,0.00010983715765178204,0.010480322402091551,0.0468694306910038,0.04345611482858658
3450,20,0.00451764976605773,0.0001001423952402547,0.010007117229265115,0.04475318640470505,0.041093502193689346
3451,20,0.004465257748961449,9.581418999005109e-05,0.00978847230113316,0.04377537965774536,0.040088724344968796
3452,20,0.004314488731324673,9.939088340615854e-05,0.009969497650642109,0.04458494484424591,0.04079096391797066
3453,20,0.005059394054114819,0.00011532693315530196,0.010739037813291373,0.0480264350771904,0.04410911351442337
3454,20,0.0048950351774692535,0.00010988921712851152,0.010482805785118387,0.046880532056093216,0.04184678569436073
3455,20,0.0045846751891076565,0.00010574165207799524,0.010283076002733581,0.04598730802536011,0.0406118780374527
3456,20,0.00500587048009038,0.00011272567644482478,0.010617234877538727,0.0474817119538784,0.041361063718795776
3457,20,0.00514822406694293,0.00011405404802644625,0.010679608982844186,0.04776066169142723,0.04254003241658211
3458,20,0.0049629779532551765,0.00011134032683912665,0.010551792588898184,0.047189053148031235,0.04099520668387413
3459,20,0.0034421863965690136,9.481304732616991e-05,0.00973719915202364,0.043546080589294434,0.041106440126895905
3460,20,0.004070700146257877,0.00010115039913216606,0.01005735547408791,0.044977862387895584,0.04166846722364426
3461,20,0.003964355681091547,9.699443762656301e-05,0.009848575411020775,0.044044170528650284,0.04064548760652542
3462,20,0.004071682225912809,9.866811888059601e-05,0.009933182716561496,0.044422540813684464,0.04167201370000839
3463,20,0.004850906319916248,0.00010827834194060415,0.010405687960947327,0.04653564840555191,0.041984718292951584
3464,20,0.0036048665642738342,8.78217542776838e-05,0.009371326174970317,0.0419098436832428,0.03914074972271919
3465,20,0.003624150063842535,9.849642083281651e-05,0.009924536303163816,0.04438387230038643,0.04159269481897354
3466,20,0.0035455189645290375,9.471378871239722e-05,0.009732100940310741,0.04352327808737755,0.04080963879823685
3467,20,0.0036400742828845978,9.730605233926326e-05,0.009864383018682074,0.0441148616373539,0.04123307392001152
3468,20,0.004017055965960026,9.389276237925515e-05,0.00968982777861687,0.0433342270553112,0.03969176486134529
3469,20,0.003881534095853567,9.493301331531256e-05,0.00974335739441557,0.043573617935180664,0.03987611457705498
3470,20,0.0033574432600289583,9.209827840095386e-05,0.009596784794969296,0.0429181270301342,0.04027165472507477
3471,20,0.004474553279578686,0.0001104657567339018,0.010510269108538648,0.04700335115194321,0.042825233191251755
3472,20,0.0037159782368689775,9.92718996712938e-05,0.009963528474957744,0.04455825686454773,0.041566167026758194
3473,20,0.00399591401219368,7.672064384678379e-05,0.008759032129566816,0.03917158395051956,0.035966984927654266
3474,20,0.003731057047843933,9.905098704621196e-05,0.009952436236731785,0.04450865089893341,0.04156935587525368
3475,20,0.00451741274446249,9.527996007818729e-05,0.009761145428595318,0.04365316778421402,0.03909698501229286
3476,20,0.004118104465305805,9.786036389414221e-05,0.009892439734167816,0.04424033313989639,0.040835749357938766
3477,20,0.003705503884702921,8.32402947708033e-05,0.009123611936662107,0.04080203175544739,0.037989091128110886
3478,20,0.003511943621560931,7.636525697307661e-05,0.008738721701317453,0.03908075392246246,0.03627628833055496
3479,20,0.004548415541648865,9.570531256031245e-05,0.009782909207404128,0.043750498443841934,0.03863905370235443
3480,20,0.0034947649110108614,9.152676648227498e-05,0.009566962238990754,0.042784757912158966,0.04004655033349991
3481,20,0.0033795200288295746,9.221375512424856e-05,0.009602799337914365,0.042945023626089096,0.040462344884872437
3482,20,0.003438000800088048,9.031887020682916e-05,0.009503624056475991,0.04250149801373482,0.04002352058887482
3483,20,0.003906174097210169,8.888110460247844e-05,0.009427677582654089,0.04216185584664345,0.03888433426618576
3484,20,0.003503051120787859,9.164910443359986e-05,0.009573353875920385,0.042813338339328766,0.039813827723264694
3485,20,0.0035747631918638945,8.983859152067453e-05,0.00947832218911525,0.042388346046209335,0.03975587710738182
3486,20,0.004049134906381369,9.320019307779148e-05,0.009654024708782937,0.04317411035299301,0.03954576700925827
3487,20,0.003577886614948511,8.991365029942244e-05,0.0094822808595518,0.042406048625707626,0.039678409695625305
3488,20,0.003999040462076664,9.80112818069756e-05,0.009900064737514376,0.04427443817257881,0.04091053456068039
3489,20,0.0033728969283401966,8.225707279052585e-05,0.009069568500790203,0.040560346096754074,0.03805060684680939
3490,20,0.0037422110326588154,8.973201329354197e-05,0.009472698311122442,0.04236319288611412,0.03937365859746933
3491,20,0.003625791985541582,8.362438529729843e-05,0.009144636969136524,0.040896058082580566,0.03849898278713226
3492,20,0.0032508312724530697,8.445206185569987e-05,0.009189780294201809,0.04109794646501541,0.03849870711565018
3493,20,0.003676514606922865,8.056170918280259e-05,0.008975617481978752,0.04014018177986145,0.03677757456898689
3494,20,0.004495641682296991,8.23288137326017e-05,0.00907352267493732,0.040578026324510574,0.03577500954270363
3495,20,0.0033219705801457167,8.240644820034504e-05,0.009077799744450471,0.04059715196490288,0.03842535242438316
3496,20,0.0036839735694229603,7.156354695325717e-05,0.008459524038222078,0.037832144647836685,0.03522050753235817
3497,20,0.003923666663467884,8.293857536045834e-05,0.009107061840157799,0.040728017687797546,0.03694648668169975
3498,20,0.003270889865234494,6.701803795294836e-05,0.008186454541066503,0.036610934883356094,0.033732373267412186
3499,20,0.00310789467766881,7.05203419784084e-05,0.008397639071692019,0.03755538538098335,0.03483516722917557
3500,20,0.0036579915322363377,7.070963329169899e-05,0.008408902026525163,0.03760575130581856,0.03397156670689583
3501,20,0.0035020732320845127,6.321877299342304e-05,0.007951023392835859,0.035558056086301804,0.032405078411102295
3502,20,0.0032232720404863358,6.96268689353019e-05,0.008344271624012602,0.03731671720743179,0.03463888168334961
3503,20,0.003373779822140932,7.122628448996693e-05,0.00843956660557679,0.037742890417575836,0.03434092551469803
3504,20,0.0030949909705668688,6.89827575115487e-05,0.008305585922230213,0.03714371472597122,0.03445034101605415
3505,20,0.0032923012040555477,6.624281377298757e-05,0.008138968839661913,0.03639857470989227,0.033410027623176575
3506,20,0.0032453821040689945,6.699516961816698e-05,0.008185057704021823,0.03660469129681587,0.033535122871398926
3507,20,0.003502829698845744,6.903218309162185e-05,0.00830856083155331,0.03715701401233673,0.03369737043976784
3508,20,0.0032404090743511915,6.444636528613046e-05,0.008027849356218043,0.03590163588523865,0.0328194759786129
3509,20,0.0031112688593566418,6.159111217129976e-05,0.007848000520597571,0.03509732335805893,0.03214644640684128
3510,20,0.002739314455538988,5.9136207710253075e-05,0.007690007003264241,0.034390754997730255,0.03156770393252373
3511,20,0.0035777180455625057,6.228373240446672e-05,0.007892004333784081,0.03529411926865578,0.031377341598272324
3512,20,0.0028338662814348936,5.6456465244991705e-05,0.007513751742305019,0.033602524548769,0.030436649918556213
3513,20,0.0030497852712869644,5.5068463552743196e-05,0.007420812863342075,0.033186882734298706,0.029721669852733612
3514,20,0.003398136468604207,5.542779035749845e-05,0.007444984241588322,0.033294983208179474,0.02824007347226143
3515,20,0.0032813078723847866,5.41770932613872e-05,0.007360509035480304,0.03291719779372215,0.02854137122631073
3516,20,0.003097719978541136,4.3900359742110595e-05,0.006625734656784152,0.02963118627667427,0.02559676766395569
3517,20,0.00280869472771883,4.1911840526154265e-05,0.006473935474358257,0.02895231917500496,0.02482658624649048
3518,20,0.002593283075839281,3.598990588216111e-05,0.005999158764540334,0.026829054579138756,0.02324250526726246
3519,20,0.0027437089011073112,3.754995850613341e-05,0.0061278020942368405,0.027404364198446274,0.02320609800517559
3520,20,0.002328758593648672,3.144505535601638e-05,0.005607589085874284,0.025077901780605316,0.020672086626291275
3521,20,0.0024058271665126085,3.0075181712163612e-05,0.005484084400532473,0.02452557161450386,0.020190933719277382
3522,20,0.0022386927157640457,2.6213025194010697e-05,0.005119865739842276,0.02289673499763012,0.01855616457760334
3523,20,0.002102307742461562,2.3433636670233682e-05,0.004840830163332905,0.021648850291967392,0.01689852960407734
3524,20,0.0022914877627044916,2.4708326236577705e-05,0.004970747050150279,0.022229855880141258,0.01658739149570465
3525,20,0.003358368994668126,3.208534326404333e-05,0.005664392576794385,0.02533193677663803,0.017763039097189903
3526,20,0.002660631202161312,2.5997131160693243e-05,0.0050987381929937575,0.02280225045979023,0.015749793499708176
3527,20,0.002446484984830022,1.9243801943957806e-05,0.004386775802791591,0.019618259742856026,0.014772484079003334
3528,20,0.002631628420203924,2.5148978238576092e-05,0.005014875695226761,0.022427204996347427,0.017444197088479996
3529,20,0.002386133186519146,2.294254954904318e-05,0.00478983815478594,0.021420806646347046,0.016088716685771942
3530,20,0.002674632240086794,2.8296286473050714e-05,0.005319425389367795,0.023789193481206894,0.017043618485331535
3531,20,0.0022758389823138714,2.2331423679133877e-05,0.004725613577000755,0.021133586764335632,0.015680760145187378
3532,20,0.00278226425871253,2.6323259589844383e-05,0.0051306198056223565,0.022944828495383263,0.016575686633586884
3533,20,0.0023487494327127934,2.273120298923459e-05,0.004767725137760627,0.021321915090084076,0.015557459555566311
3534,20,0.001964572351425886,2.2024158170097508e-05,0.004692990322821634,0.02098769135773182,0.015740320086479187
3535,20,0.0027980171144008636,2.1573689082288183e-05,0.004644748548876266,0.020771946758031845,0.014118354767560959
3536,20,0.002227909630164504,2.0738143575727008e-05,0.004553915191977889,0.020365728065371513,0.015395121648907661
3537,20,0.0020037000067532063,2.2226449800655246e-05,0.004714493588992909,0.021083856001496315,0.01582336612045765
3538,20,0.002619365928694606,2.7369658710085787e-05,0.005231601925804924,0.023396434262394905,0.01634358800947666
3539,20,0.0027391999028623104,2.1880023268749937e-05,0.0046776087126597,0.02091890200972557,0.014760477468371391
3540,20,0.002202770207077265,2.0409275748534128e-05,0.004517662642178379,0.0202036015689373,0.01532222144305706
3541,20,0.002325306413695216,2.372111521253828e-05,0.00487043275413369,0.021781235933303833,0.01581469736993313
3542,20,0.0022488408721983433,1.9880408217431977e-05,0.0044587451393224955,0.01994011364877224,0.014528502710163593
3543,20,0.0020393799059093,1.5996512956917286e-05,0.003999564095863109,0.01788659393787384,0.013134242035448551
3544,20,0.002280444372445345,2.2416654246626422e-05,0.004734622925495379,0.021173877641558647,0.015955356881022453
3545,20,0.002236309926956892,1.974291808437556e-05,0.004443300359459797,0.019871043041348457,0.01469675824046135
3546,20,0.0022649760358035564,2.1908697817707434e-05,0.004680672795411727,0.020932605490088463,0.01487688347697258
3547,20,0.002364210784435272,2.2554435417987406e-05,0.004749151020760174,0.021238848567008972,0.014793124049901962
3548,20,0.00280860997736454,2.670038338692393e-05,0.00516724137107257,0.023108605295419693,0.01571320742368698
3549,20,0.002075162250548601,2.2863741833134554e-05,0.0047816045249617365,0.02138398587703705,0.015141698531806469
3550,20,0.0023194707464426756,2.1871439457754605e-05,0.004676691080000325,0.020914798602461815,0.014616581611335278
3551,20,0.002150569576770067,2.0645336917368695e-05,0.004543714000393147,0.0203201062977314,0.014106887392699718
3552,20,0.002401679055765271,1.9434115529293194e-05,0.0044084141739738104,0.019715027883648872,0.013608629815280437
3553,20,0.0024666369426995516,2.4734497856115922e-05,0.004973378917407754,0.022241627797484398,0.01563945598900318
3554,20,0.0024034767411649227,2.4937311536632478e-05,0.004993727218884956,0.022332629188895226,0.016147185117006302
3555,20,0.0022660461254417896,2.6149495170102455e-05,0.0051136577095169805,0.022868972271680832,0.016850290820002556
3556,20,0.0024327528662979603,2.5890936740324832e-05,0.005088313742324153,0.022755630314350128,0.016162320971488953
3557,20,0.003068596823140979,3.204833410563879e-05,0.0056611248092264125,0.025317318737506866,0.017233602702617645
3558,20,0.0022860087919980288,2.680018951650709e-05,0.005176889946339123,0.023151757195591927,0.017179548740386963
3559,20,0.002819671295583248,3.298274168628268e-05,0.005743060306690387,0.025683747604489326,0.01968349888920784
3560,20,0.0026022293604910374,3.614942397689447e-05,0.006012439103799261,0.026888445019721985,0.022040966898202896
3561,20,0.003059342736378312,4.722926678368822e-05,0.006872355257383615,0.0307341068983078,0.024631019681692123
3562,20,0.0032095995265990496,6.583104550372809e-05,0.00811363331089889,0.036285270005464554,0.03237495943903923
3563,20,0.004405477549880743,9.496526035945863e-05,0.009745012075901118,0.04358102008700371,0.038809552788734436
3564,20,0.003916628658771515,0.0001054827735060826,0.010270480685249479,0.04593098908662796,0.04270682483911514
3565,20,0.0037365674506872892,0.00010389710951130837,0.010192993157620992,0.04558444768190384,0.0425419807434082
3566,20,0.0034758325200527906,9.93274588836357e-05,0.009966316214310867,0.04457072168588638,0.04188970476388931
3567,20,0.0034799452405422926,9.85949081950821e-05,0.009929496875223945,0.04440606012940407,0.04111406207084656
3568,20,0.003469356568530202,9.317633521277457e-05,0.009652788986234733,0.04316858574748039,0.040078286081552505
3569,20,0.005064844153821468,0.00011203197209397331,0.010584515675928366,0.047335390001535416,0.041682690382003784
3570,20,0.0041740527376532555,0.00010507342813070863,0.010250533065685347,0.04584177955985069,0.04139908775687218
3571,20,0.003948279656469822,9.609066910343245e-05,0.009802584817456692,0.0438384935259819,0.039871249347925186
3572,20,0.003517289413139224,9.441755537409335e-05,0.009716869628336759,0.04345516115427017,0.04017195850610733
3573,20,0.0033086941111832857,9.461927402298898e-05,0.009727243906831419,0.043501559644937515,0.04050057381391525
3574,20,0.0036614970304071903,9.841362771112472e-05,0.009920364293266893,0.04436521604657173,0.04094499349594116
3575,20,0.003596899565309286,8.891921606846154e-05,0.009429698620234983,0.042170893400907516,0.03949851542711258
3576,20,0.0036917165853083134,9.8026568593923e-05,0.009900836762310699,0.04427788779139519,0.04077567905187607
3577,20,0.003754783421754837,0.00010082127118948847,0.010040979593121802,0.04490462690591812,0.04113268852233887
3578,20,0.003774716053158045,9.778818639460951e-05,0.00988879094705766,0.04422401636838913,0.04072660207748413
3579,20,0.0037035918794572353,0.00010515060421312228,0.010254296865856882,0.045858610421419144,0.04262600839138031
3580,20,0.003909118939191103,0.00010008797107730061,0.010004397586926492,0.04474102705717087,0.04094446450471878
3581,20,0.003990910016000271,9.569076064508408e-05,0.009782165437421516,0.04374717175960541,0.040358252823352814
3582,20,0.003749975236132741,9.82607962214388e-05,0.00991265838317042,0.04433075711131096,0.03976952284574509
3583,20,0.0041136788204312325,0.00010972897143801674,0.010475159733293653,0.046846337616443634,0.04305897280573845
3584,20,0.0038603399880230427,9.906910418067127e-05,0.009953346381025392,0.04451271891593933,0.040161848068237305
3585,20,0.003644810523837805,0.00010314494284102693,0.010156029875942022,0.04541914165019989,0.041430965065956116
3586,20,0.004242594353854656,0.00010922920046141371,0.010451277455957895,0.04673953354358673,0.042465485632419586
3587,20,0.003871162189170718,0.00010759018186945468,0.010372568720883688,0.04638753831386566,0.042407337576150894
3588,20,0.003787557827308774,0.00010266044409945607,0.010132149036579361,0.04531234875321388,0.04107318073511124
3589,20,0.003935449756681919,0.00010895090963458642,0.010437955242028316,0.04667995870113373,0.04254777356982231
3590,20,0.003727223724126816,0.00010545918485149741,0.010269332249542684,0.04592584818601608,0.04254009202122688
3591,20,0.003838413627818227,9.850443166214973e-05,0.009924939882042093,0.04438567906618118,0.04138194024562836
3592,20,0.0041560702957212925,0.00010801118332892656,0.010392842889648942,0.046478208154439926,0.042408108711242676
3593,20,0.004380039405077696,0.00012092341057723388,0.010996518111531208,0.049177926033735275,0.0441071093082428
3594,20,0.00381092494353652,0.00010393750562798232,0.010194974528069323,0.04559331387281418,0.04237684980034828
3595,20,0.0041798478923738,0.00010788415238494053,0.010386729628951576,0.046450868248939514,0.04300808534026146
3596,20,0.004010980948805809,9.933313413057476e-05,0.009966600931640373,0.04457199200987816,0.04123181104660034
3597,20,0.0039079138077795506,0.00011300390178803355,0.0106303293358218,0.04754027724266052,0.04483119025826454
3598,20,0.003808763576671481,0.00010143362305825576,0.010071426068747948,0.045040786266326904,0.041660040616989136
3599,20,0.004551426041871309,0.00011477137741167098,0.01071314040847365,0.04791061952710152,0.045522913336753845
3600,20,0.0037828530184924603,0.00010000183101510629,0.010000091550336241,0.04472177103161812,0.04180379584431648
3601,20,0.004221892915666103,0.00010797090362757444,0.010390904851242477,0.046469539403915405,0.0431828536093235
3602,20,0.003678006585687399,9.450635116081685e-05,0.009721437710586683,0.04347559064626694,0.04103469103574753
3603,20,0.004661003593355417,8.94368058652617e-05,0.009457103460640668,0.042293451726436615,0.03831271454691887
3604,20,0.004074457101523876,0.00010151574679184705,0.010075502309654196,0.04505901411175728,0.04251578822731972
3605,20,0.003949749283492565,0.00010223714343737811,0.010111238471986412,0.04521883279085159,0.0426754355430603
3606,20,0.004158434458076954,0.00010444454528624192,0.010219811411481228,0.04570438712835312,0.0432807132601738
3607,20,0.0038913816679269075,0.00010721918806666508,0.01035466986758463,0.04630749300122261,0.04357639327645302
3608,20,0.003850262612104416,0.00010157896031159908,0.010078638812438864,0.045073043555021286,0.042375318706035614
3609,20,0.0044145905412733555,0.00010900936467805877,0.010440754986017955,0.04669247567653656,0.04307030886411667
3610,20,0.0041194031946361065,0.0001029105405905284,0.010144483258920999,0.04536750912666321,0.04212156683206558
3611,20,0.0037614130415022373,9.26664870348759e-05,0.009626343388580936,0.043050315231084824,0.03981911391019821
3612,20,0.004408692941069603,0.00010293666127836332,0.010145770610375702,0.04537326470017433,0.04190235957503319
3613,20,0.003646457102149725,8.668595546623692e-05,0.009310529279597208,0.041637953370809555,0.03977293148636818
3614,20,0.003992797341197729,9.682598465587944e-05,0.009840019545502917,0.04400590434670448,0.04117904230952263
3615,20,0.0034566440153867006,9.856347605818883e-05,0.009927913983218671,0.04439898207783699,0.041435424238443375
3616,20,0.003955749329179525,0.00010048493277281523,0.01002421731472414,0.04482966288924217,0.04203079640865326
3617,20,0.003684805240482092,0.00010011311678681523,0.0100056542408188,0.04474664479494095,0.0419657826423645
3618,20,0.00362606393173337,7.896267925389111e-05,0.008886094713308604,0.03973982110619545,0.036791592836380005
3619,20,0.0039530363865196705,9.976467117667198e-05,0.009988226628219445,0.04466870799660683,0.041218359023332596
3620,20,0.0036228082608431578,9.329304884886369e-05,0.009658832685623231,0.043195612728595734,0.040566492825746536
3621,20,0.004121678881347179,0.00010428887617308646,0.010212192525265397,0.04567031189799309,0.042703814804553986
3622,20,0.004737795330584049,9.996282460633665e-05,0.009998141057533478,0.04471304640173912,0.04057054966688156
3623,20,0.003927826415747404,0.00010414760618004948,0.010205273449548007,0.04563936963677406,0.042818475514650345
3624,20,0.005347876809537411,0.00011830125004053116,0.01087663780956832,0.04864180460572243,0.04366898536682129
3625,20,0.005055464804172516,0.00011189375072717667,0.010577984246876938,0.047306183725595474,0.04231773316860199
3626,20,0.004664575681090355,0.00011068221647292376,0.010520561604445066,0.0470493845641613,0.04279047250747681
3627,20,0.003793210256844759,8.835814514895901e-05,0.009399901337192802,0.042037636041641235,0.03983128070831299
3628,20,0.004511216189712286,0.0001048463600454852,0.010239451159387656,0.045792218297719955,0.04195290803909302
3629,20,0.0037105910014361143,0.00011011981405317783,0.010493798838036578,0.046929698437452316,0.04437517374753952
3630,20,0.0052386256866157055,0.00010626712901284918,0.010308594909726989,0.046101439744234085,0.03992029279470444
3631,20,0.004736036993563175,0.00010238337563350797,0.010118467059466467,0.045251160860061646,0.04081356152892113
3632,20,0.004792024847120047,0.0001119166481657885,0.010579066507295835,0.047311022877693176,0.0435945950448513
3633,20,0.004071133676916361,0.00010779226431623101,0.010382305346898203,0.046431079506874084,0.043429069221019745
3634,20,0.0036244974471628666,9.402163414051756e-05,0.009696475346254306,0.04336395859718323,0.040728166699409485
3635,20,0.004455193877220154,9.945630154106766e-05,0.00997277802525794,0.04459961876273155,0.03984091803431511
3636,20,0.005526126362383366,0.0001233075890922919,0.011104395034953137,0.04966036230325699,0.04537792503833771
3637,20,0.004684807267040014,0.00010297747940057889,0.010147781994139354,0.04538226127624512,0.04179932177066803
3638,20,0.004449127707630396,0.00010229037434328347,0.010113870393834571,0.045230600982904434,0.04196425527334213
3639,20,0.004153945948928595,0.00010539747017901391,0.01026632700526405,0.04591240733861923,0.043282199651002884
3640,20,0.006117551121860743,0.00011670966341625899,0.010803224676746244,0.04831348732113838,0.04092499613761902
3641,20,0.004075450822710991,0.00010960274084936827,0.010469132764912683,0.046819381415843964,0.04399826377630234
3642,20,0.004816084168851376,0.00010083390225190669,0.010041608549027725,0.04490743950009346,0.038841500878334045
3643,20,0.0045869238674640656,0.00010854904394363984,0.010418687246656358,0.04659378528594971,0.04257725551724434
3644,20,0.0043537369929254055,0.00011536083184182644,0.01074061598986885,0.048033490777015686,0.045812010765075684
3645,20,0.0056364042684435844,0.00011926355364266783,0.010920785394955246,0.04883923381567001,0.04371168464422226
3646,20,0.0054606301710009575,0.0001142411056207493,0.010688363093605555,0.04779981076717377,0.043249376118183136
3647,20,0.004937875084578991,0.00010783496691146865,0.01038436165161194,0.04644027724862099,0.04263122379779816
3648,20,0.004509410820901394,9.998404129873961e-05,0.009999202033099421,0.04471779242157936,0.04138234257698059
3649,20,0.0048499139957129955,9.714651969261467e-05,0.009856293405363635,0.04407868534326553,0.03876865655183792
3650,20,0.004675721749663353,0.00011189150245627388,0.01057787797510795,0.04730570688843727,0.04436178505420685
3651,20,0.0044493828900158405,0.00010588972509140149,0.010290273324426396,0.046019501984119415,0.04241693764925003
3652,20,0.0038642622530460358,9.859987767413259e-05,0.009929747110280935,0.04440717771649361,0.04166631028056145
3653,20,0.004638300277292728,0.00011090243788203225,0.01053102264179658,0.047096166759729385,0.04349054396152496
3654,20,0.005448813084512949,0.00010507953993510455,0.010250831182645852,0.045843109488487244,0.039936695247888565
3655,20,0.005552013870328665,0.00012304983101785183,0.011092782834701661,0.049608439207077026,0.04450204595923424
3656,20,0.00463164784014225,0.00010431405098643154,0.01021342503700064,0.04567582532763481,0.041848376393318176
3657,20,0.0041290950030088425,0.00010258611291646957,0.010128480286620969,0.045295942574739456,0.042517147958278656
3658,20,0.004896284081041813,0.00011127472680527717,0.010548683652725451,0.047175146639347076,0.04293740540742874
3659,20,0.004920524545013905,0.0001108450087485835,0.010528295624106662,0.04708397015929222,0.043365854769945145
3660,20,0.004076050128787756,0.00010188759915763512,0.010093938733598254,0.045141465961933136,0.0422186516225338
3661,20,0.005024462006986141,0.0001102403984987177,0.010499542775698268,0.04695538058876991,0.04314962029457092
3662,20,0.00461792666465044,9.854087693383917e-05,0.009926775757205316,0.04439388960599899,0.04029633849859238
3663,20,0.004502887837588787,0.00010998109064530581,0.010487186974842482,0.046900127083063126,0.04298494756221771
3664,20,0.005032153334468603,0.00011556964454939589,0.010750332299487114,0.048076946288347244,0.04364114627242088
3665,20,0.004008141346275806,0.00010059853957500309,0.010029882331064662,0.04485499858856201,0.042037125676870346
3666,20,0.004329437855631113,9.70664550550282e-05,0.009852230968416656,0.044060517102479935,0.04129080846905708
3667,20,0.004842983093112707,0.00010794711124617606,0.01038975992245134,0.04646441712975502,0.04262511432170868
3668,20,0.003988358192145824,0.00010075154568767175,0.010037506945834296,0.044889096170663834,0.042701415717601776
3669,20,0.0043952325358986855,0.00010298728011548519,0.010148264882012353,0.045384421944618225,0.04245970398187637
3670,20,0.004002221394330263,0.0001021768111968413,0.010108254606846886,0.045205485075712204,0.04223455861210823
3671,20,0.0037471032701432705,0.0001018140246742405,0.01009029358711829,0.04512516409158707,0.04283112660050392
3672,20,0.004333570133894682,0.00010194756032433361,0.010096908453795825,0.04515474662184715,0.04198913276195526
3673,20,0.004340906627476215,0.0001060632275766693,0.010298700285796714,0.046057187020778656,0.042660921812057495
3674,20,0.004208005033433437,9.947190847015008e-05,0.00997356047107301,0.044603120535612106,0.04174765571951866
3675,20,0.004823127295821905,0.00010225779988104478,0.010112259880019143,0.04522339627146721,0.041970979422330856
3676,20,0.004803073592483997,9.442387818126008e-05,0.009717194974953424,0.04345661774277687,0.03978155925869942
3677,20,0.005711774341762066,0.00010994396870955825,0.010485416954492476,0.046892207115888596,0.040113646537065506
3678,20,0.004011491313576698,8.990941569209099e-05,0.009482057566377194,0.04240505024790764,0.03934653103351593
3679,20,0.0051446096040308475,0.0001046059769578278,0.010227706339049231,0.04573969170451164,0.04083315283060074
3680,20,0.004740767180919647,9.863563172984868e-05,0.009931547297870996,0.04441522806882858,0.03991719335317612
3681,20,0.005030888132750988,0.00010723712330218405,0.01035553587711346,0.04631136357784271,0.041594136506319046
3682,20,0.004671449773013592,8.407339919358492e-05,0.009169154769856648,0.041005708277225494,0.036962565034627914
3683,20,0.004685818217694759,9.25772765185684e-05,0.009621708607028608,0.04302958771586418,0.0392356812953949
3684,20,0.005766946356743574,0.00010596502397675067,0.0102939314150013,0.04603585973381996,0.03889848291873932
3685,20,0.004713649395853281,0.00011080068361479789,0.010526190365692514,0.04707455635070801,0.04307473078370094
3686,20,0.004943366628140211,9.803130524232984e-05,0.009901075963870283,0.044278956949710846,0.03985835239291191
3687,20,0.0043946304358541965,0.00010222801938652992,0.010110787278275116,0.04521681368350983,0.04081463813781738
3688,20,0.004259846173226833,0.00010207638842985034,0.010103286021381871,0.045183271169662476,0.04077475517988205
3689,20,0.004147361032664776,0.0001010665437206626,0.010053185749833861,0.044959213584661484,0.040738798677921295
3690,20,0.004483033902943134,0.00011305502994218841,0.010632733888430971,0.04755103215575218,0.04334203153848648
3691,20,0.0044524045661091805,9.478257561568171e-05,0.009735634320149957,0.043539080768823624,0.03882814943790436
3692,20,0.00495906313881278,0.00010412935807835311,0.010204379357822459,0.045635372400283813,0.04059363529086113
3693,20,0.0053175026550889015,0.00011500349501147866,0.01072396824927595,0.04795904457569122,0.042295314371585846
3694,20,0.005015367642045021,0.00010767248750198632,0.010376535428647962,0.04640527814626694,0.04112976789474487
3695,20,0.004029590170830488,9.672522719483823e-05,0.00983489843337684,0.04398300498723984,0.040391549468040466
3696,20,0.005253312643617392,0.00011222441389691085,0.01059360249853235,0.047376032918691635,0.04265735670924187
3697,20,0.004267646465450525,9.199247870128602e-05,0.009591270963813191,0.04289346933364868,0.03900051489472389
3698,20,0.005041379481554031,9.856980614131317e-05,0.009928232780375024,0.0444004088640213,0.039510972797870636
3699,20,0.005252627190202475,0.0001092346865334548,0.010451539912063428,0.04674070328474045,0.04181589186191559
3700,20,0.004237683955579996,0.0001260414719581604,0.011226819316180359,0.05020786076784134,0.04603200778365135
3701,20,0.0037188581191003323,8.902634726837277e-05,0.009435377431156253,0.04219629243016243,0.03903249278664589
3702,20,0.004485415760427713,0.00011294439900666475,0.010627530240214081,0.04752776399254799,0.04307163879275322
3703,20,0.003860771656036377,0.00010126341658178717,0.010062972551974251,0.04500298202037811,0.042063817381858826
3704,20,0.00381113076582551,9.960714669432491e-05,0.009980338005013904,0.04463342949748039,0.042167916893959045
3705,20,0.0033180522732436657,9.928296640282497e-05,0.009964083821547516,0.044560737907886505,0.04211494326591492
3706,20,0.004460247699171305,0.00012053279351675883,0.01097874280219547,0.049098432064056396,0.04567115008831024
3707,20,0.0037828185595571995,0.00010567307617748156,0.010279741055954745,0.04597239941358566,0.04337846487760544
3708,20,0.004698439035564661,0.00010694090451579541,0.010341223550228252,0.04624735563993454,0.04169650003314018
3709,20,0.0052772462368011475,0.00012000436254311353,0.01095465027023289,0.04899068549275398,0.044334739446640015
3710,20,0.004455535672605038,0.00010116023622686043,0.0100578445119648,0.04498004913330078,0.03976111486554146
3711,20,0.0042463913559913635,0.00010694557568058372,0.01034144939941127,0.04624836891889572,0.042446017265319824
3712,20,0.0043047042563557625,0.00010407341324025765,0.010201637772448974,0.045623112469911575,0.04149703308939934
3713,20,0.003972665872424841,9.985243377741426e-05,0.009992618964886745,0.04468834772706032,0.04096335545182228
3714,20,0.004621363244950771,0.00011144804011564702,0.01055689538243356,0.047211870551109314,0.04156839847564697
3715,20,0.004848482087254524,0.00012008605699520558,0.010958378392591013,0.0490073598921299,0.041754916310310364
3716,20,0.004789723549038172,0.00012913037789985538,0.011363554809119169,0.050819363445043564,0.04306430742144585
3717,20,0.005140252411365509,0.00013102826778776944,0.011446757959691882,0.051191456615924835,0.04062909260392189
3718,20,0.005266058258712292,0.00014539102267008275,0.012057819979999815,0.053924210369586945,0.042497165501117706
3719,20,0.005103083793073893,0.00013206907897256315,0.011492131176268532,0.051394373178482056,0.04140421748161316
3720,20,0.0049513340927660465,0.00014077448577154428,0.011864842425061712,0.05306118726730347,0.042211808264255524
3721,20,0.00546216918155551,0.0001477328041801229,0.012154538419048372,0.05435674637556076,0.04334387928247452
3722,20,0.004908544477075338,0.0001477511104894802,0.012155291460490785,0.05436011776328087,0.04245185852050781
3723,20,0.00547067541629076,0.00014478364028036594,0.012032607376639776,0.0538114570081234,0.04113331809639931
3724,20,0.005961769726127386,0.000180951930815354,0.013451837451268656,0.06015844643115997,0.04674166440963745
3725,20,0.006232778541743755,0.00015622956561855972,0.012499182598016549,0.055898040533065796,0.0414687879383564
3726,20,0.005572340916842222,0.00015627524408046156,0.012501009722436887,0.05590621754527092,0.042164772748947144
3727,20,0.005295353941619396,0.0001507600536569953,0.012278438567545765,0.054910846054553986,0.040942735970020294
3728,20,0.006094328127801418,0.00016183714615181088,0.01272152294938821,0.056892380118370056,0.04154166579246521
3729,20,0.00583820603787899,0.00016051952843554318,0.012669630161750704,0.05666031315922737,0.04076257348060608
3730,20,0.005741012282669544,0.00016211450565606356,0.012732419473771022,0.056941110640764236,0.041198212653398514
3731,20,0.0055787330493330956,0.0001622531854081899,0.01273786424045216,0.05696546286344528,0.040871478617191315
3732,20,0.005095297936350107,0.00016168795991688967,0.012715658060709626,0.056866150349378586,0.04130285978317261
3733,20,0.0052923522889614105,0.00016688471077941358,0.012918386539325009,0.05777278542518616,0.041618816554546356
3734,20,0.00540759926661849,0.00017195148393511772,0.013113027260519125,0.058643240481615067,0.04126395285129547
3735,20,0.00538170849904418,0.00016549316933378577,0.012864414846147715,0.057531412690877914,0.04174146428704262
3736,20,0.0054665496572852135,0.000176562592969276,0.013287685764243374,0.05942433699965477,0.04273513704538345
3737,20,0.00559946009889245,0.00017721450421959162,0.01331219381693309,0.059533942490816116,0.04173991084098816
3738,20,0.005279524717479944,0.0001651270140428096,0.012850175642488689,0.057467732578516006,0.040286172181367874
3739,20,0.0057099685072898865,0.00016675828373990953,0.0129134923138518,0.0577508918941021,0.04179398715496063
3740,20,0.005719074048101902,0.00017844754620455205,0.013358426037694413,0.05974069982767105,0.04301755502820015
3741,20,0.004954486154019833,0.00016165978740900755,0.012714550224408552,0.05686119571328163,0.04187234118580818
3742,20,0.005595020018517971,0.00016934997984208167,0.013013453801434947,0.05819793418049812,0.04131651297211647
3743,20,0.0055020879954099655,0.00016648450400680304,0.012902887429052578,0.05770346522331238,0.04034361243247986
3744,20,0.005640781484544277,0.00017693874542601407,0.013301832408582438,0.05948760360479355,0.04227236285805702
3745,20,0.005349877290427685,0.00016789732035249472,0.01295751983801278,0.0579477921128273,0.04164852201938629
3746,20,0.005839045159518719,0.00015583215281367302,0.012483274923419456,0.055826906114816666,0.03930496424436569
3747,20,0.005414285697042942,0.00017485485295765102,0.013223269374767007,0.05913626402616501,0.04148340970277786
3748,20,0.0051641566678881645,0.00016686269373167306,0.01291753435186735,0.057768967002630234,0.040895067155361176
3749,20,0.00595315545797348,0.00016112926823552698,0.012693670400460499,0.056767817586660385,0.03940347582101822
3750,20,0.0052697123028337955,0.00017612391093280166,0.013271168408727307,0.05935047194361687,0.04168393835425377
3751,20,0.005647699348628521,0.00018148674280382693,0.013471701555624922,0.060247279703617096,0.04320443049073219
3752,20,0.005618572700768709,0.00016956069157458842,0.013021547203561811,0.05823413282632828,0.04099076986312866
3753,20,0.004641423933207989,0.00016568534192629158,0.012871881833138914,0.05756480619311333,0.041281864047050476
3754,20,0.005499082151800394,0.00017256886349059641,0.013136546863258868,0.05874842405319214,0.04163963720202446
3755,20,0.005823796149343252,0.0001790896349120885,0.013382437554948222,0.05984807759523392,0.04238085448741913
3756,20,0.006189664825797081,0.000175237117218785,0.013237715710000158,0.05920086428523064,0.04288396239280701
3757,20,0.004783956799656153,0.00015864238957874477,0.01259533205512045,0.05632803961634636,0.04082658886909485
3758,20,0.005208226386457682,0.00015816581435501575,0.012576399101293491,0.05624336749315262,0.04183954745531082
3759,20,0.005043367855250835,0.00016601584502495825,0.012884713618274883,0.057622190564870834,0.041159626096487045
3760,20,0.005518193356692791,0.00016347486234735698,0.012785728854756657,0.057179518043994904,0.0410599485039711
3761,20,0.006033503916114569,0.00021376577205955982,0.014620730900319581,0.06538589298725128,0.04698041081428528
3762,20,0.005992892198264599,0.00017793086590245366,0.013339072902659078,0.05965414643287659,0.04430866613984108
3763,20,0.004793165717273951,0.0001476392790209502,0.012150690475069727,0.054339539259672165,0.04077983275055885
3764,20,0.004315059166401625,0.00016327007324434817,0.01277771784178803,0.057143691927194595,0.04046793282032013
3765,20,0.00475977873429656,0.00017015120829455554,0.013044202094975206,0.05833544582128525,0.04217100515961647
3766,20,0.0047943200916051865,0.00016616449283901602,0.012890480706281517,0.057647980749607086,0.041298866271972656
3767,20,0.0050437734462320805,0.00017689794185571373,0.01330029856265316,0.05948074534535408,0.042436398565769196
3768,20,0.004929619841277599,0.00016561805387027562,0.012869267806300233,0.057553112506866455,0.040783949196338654
3769,20,0.0050039938651025295,0.00016948129632510245,0.013018498236167736,0.05822049453854561,0.04195718467235565
3770,20,0.005239799618721008,0.00016017250891309232,0.012655927817157157,0.05659903213381767,0.0402047298848629
3771,20,0.0050085377879440784,0.00015389717009384185,0.012405529819150888,0.05547921359539032,0.039258960634469986
3772,20,0.004967217333614826,0.00016818498261272907,0.012968615292803201,0.057997409254312515,0.04212024807929993
3773,20,0.004505674354732037,0.00016626014257781208,0.012894190264526581,0.057664573192596436,0.0420537143945694
3774,20,0.0048369779251515865,0.00015767873264849186,0.012557019258107868,0.0561566986143589,0.03991180285811424
3775,20,0.004571301396936178,0.0001696664548944682,0.013025607659317403,0.05825228616595268,0.04129692539572716
3776,20,0.004481584765017033,0.00015371553308796138,0.01239820684970054,0.05544646829366684,0.0409528873860836
3777,20,0.004616991616785526,0.00016052130376920104,0.012669700224125315,0.056660618633031845,0.040105223655700684
3778,20,0.004678445868194103,0.00015013469965197146,0.012252946570191655,0.054796840995550156,0.03978615999221802
3779,20,0.004796839319169521,0.00016077471082098782,0.012679696795309729,0.056705325841903687,0.04035867378115654
3780,20,0.005037794355303049,0.00016588771541137248,0.012879740502485774,0.05759995058178902,0.040856435894966125
3781,20,0.005355502013117075,0.00017042175750248134,0.013054568453322436,0.058381807059049606,0.042075011879205704
3782,20,0.005010449327528477,0.00016482247156091034,0.012838320433799367,0.057414714246988297,0.04192860424518585
3783,20,0.004465461242944002,0.0001592951884958893,0.012621219770524928,0.05644381046295166,0.0404723696410656
3784,20,0.004695761017501354,0.00017194400425069034,0.013112742056896045,0.05864196643233299,0.04163943603634834
3785,20,0.0047575486823916435,0.0001639153342694044,0.012802942406704968,0.05725649744272232,0.04048699513077736
3786,20,0.005023836158216,0.00016462198982480913,0.012830510115533565,0.05737978592514992,0.04260726273059845
3787,20,0.004689398221671581,0.00016978925850708038,0.013030320736922802,0.05827336385846138,0.04179539903998375
3788,20,0.004735383205115795,0.00015063292812556028,0.012273260696553311,0.054887693375349045,0.03936995565891266
3789,20,0.004705592058598995,0.00017145415768027306,0.013094050468830226,0.058558374643325806,0.042844902724027634
3790,20,0.00444378238171339,0.00016400468302890658,0.012806431315120798,0.05727210268378258,0.0411270409822464
3791,20,0.004524153657257557,0.00016252339992206544,0.012748466571398515,0.05701287463307381,0.041209056973457336
3792,20,0.004450036678463221,0.000163644363055937,0.012792355649212423,0.05720915645360947,0.04091792553663254
3793,20,0.004698389209806919,0.000170775136211887,0.013068096120395159,0.05844230204820633,0.04224150627851486
3794,20,0.004575797822326422,0.00016580017108935863,0.012876341525812315,0.057584747672080994,0.04105500131845474
3795,20,0.004836719483137131,0.00016915719606913626,0.013006044597383797,0.058164797723293304,0.04151756316423416
3796,20,0.004650007002055645,0.00016376470739487559,0.01279705854463734,0.057230185717344284,0.04063734412193298
3797,20,0.005038306582719088,0.00017336744349449873,0.01316690713472601,0.05888419598340988,0.042276229709386826
3798,20,0.004549149423837662,0.00017060096433851868,0.013061430409358643,0.05841249227523804,0.041496459394693375
3799,20,0.004824523814022541,0.00016255761147476733,0.012749808291686872,0.05701887607574463,0.04115869104862213
3800,20,0.004733663983643055,0.00015623777289874852,0.012499510906381439,0.05589951202273369,0.0395633801817894
3801,20,0.0050188652239739895,0.00015099169104360044,0.012287867636152354,0.054953016340732574,0.03907811641693115
3802,20,0.004740729462355375,0.00017350618145428598,0.013172174515025451,0.058907754719257355,0.04208110272884369
3803,20,0.005358894821256399,0.0001498965866630897,0.012243226154208281,0.0547533743083477,0.03849609196186066
3804,20,0.005543578881770372,0.00017001728701870888,0.013039067720458732,0.05831248313188553,0.042307645082473755
3805,20,0.004638218320906162,0.0001581099204486236,0.012574176730451326,0.056233424693346024,0.0407814122736454
3806,20,0.005065229721367359,0.00017302026390098035,0.013153716733341203,0.058825209736824036,0.042382922023534775
3807,20,0.004796664230525494,0.0001586961152497679,0.012597464635781595,0.05633757263422012,0.03981542959809303
3808,20,0.004623460583388805,0.00016357381537090987,0.012789597936249203,0.05719682201743126,0.04103022813796997
3809,20,0.004537155386060476,0.00016967083502095193,0.013025775793439404,0.05825304239988327,0.04211365059018135
3810,20,0.004539033863693476,0.0001694153470452875,0.013015965083131081,0.058209165930747986,0.04213475435972214
3811,20,0.00588614447042346,0.00019264465663582087,0.013879649009820848,0.062071677297353745,0.04566314071416855
3812,20,0.004943688400089741,0.0001806813816074282,0.013441777472024605,0.06011345237493515,0.04296883940696716
3813,20,0.005347988102585077,0.0001791840186342597,0.013385963492937657,0.059863850474357605,0.04343556612730026
3814,20,0.0047738091088831425,0.00017190926882904023,0.013111417498845814,0.05863604322075844,0.04186972230672836
3815,20,0.004745993763208389,0.00016900105401873589,0.013000040539118941,0.05813794955611229,0.041174180805683136
3816,20,0.005082806572318077,0.00016745035827625543,0.012940261136323928,0.05787060782313347,0.04192676395177841
3817,20,0.004526696167886257,0.0001602810516487807,0.012660215308152572,0.056618206202983856,0.04062533751130104
3818,20,0.00468567106872797,0.0001625261502340436,0.012748574439287069,0.05701335892081261,0.041119083762168884
3819,20,0.006370509974658489,0.00015526280913036317,0.012460449796470558,0.05572482571005821,0.039093971252441406
3820,20,0.004621119704097509,0.00016968522686511278,0.013026328218846353,0.05825551226735115,0.04126250371336937
3821,20,0.0050240252166986465,0.00017003846005536616,0.013039879602794121,0.05831611156463623,0.04131592437624931
3822,20,0.004785431083291769,0.00015644033555872738,0.012507611105192206,0.05593573674559593,0.03972204029560089
3823,20,0.004568473435938358,0.00016208428132813424,0.012731232514102247,0.05693580210208893,0.040307290852069855
3824,20,0.00467053335160017,0.00016782018064986914,0.012954542857618294,0.0579344779253006,0.041106995195150375
3825,20,0.004961318336427212,0.00017043531988747418,0.013055087892751782,0.05838412791490555,0.04132213443517685
3826,20,0.004987999796867371,0.0001751223171595484,0.013233378901835631,0.059181470423936844,0.04292304813861847
3827,20,0.0051105692982673645,0.00016570123261772096,0.012872499082063319,0.05756756663322449,0.040756955742836
3828,20,0.004385142587125301,0.0001686627510935068,0.012987022410603087,0.05807973071932793,0.04108000546693802
3829,20,0.004487977828830481,0.00016903990763239563,0.013001534818335703,0.05814462900161743,0.04118812084197998
3830,20,0.00519984494894743,0.00016868600505404174,0.01298791765657766,0.058083731681108475,0.041906408965587616
3831,20,0.004750763066112995,0.00017301122716162354,0.013153373223687662,0.05882367119193077,0.04155474528670311
3832,20,0.005226659122854471,0.00017162896983791143,0.013100724019607138,0.058588217943906784,0.041005659848451614
3833,20,0.00470351055264473,0.00017036432109307498,0.013052368409337631,0.05837196484208107,0.041191160678863525
3834,20,0.005050876177847385,0.00017432449385523796,0.013203200136907641,0.05904650688171387,0.04220800846815109
3835,20,0.006316027138382196,0.00021409224427770823,0.014631891343148644,0.06543579697608948,0.04590440168976784
3836,20,0.004983530845493078,0.00017284895875491202,0.013147203457576521,0.05879608169198036,0.04171640798449516
3837,20,0.004681891296058893,0.0001654982625041157,0.01286461280039612,0.05753229558467865,0.04137864708900452
3838,20,0.005297508556395769,0.00017073360504582524,0.013066506994825559,0.058435194194316864,0.04109244793653488
3839,20,0.005057256203144789,0.00015834529767744243,0.012583532797964267,0.056275270879268646,0.040211983025074005
3840,20,0.0065522766672074795,0.00018492466188035905,0.013598700742363553,0.0608152411878109,0.04293317347764969
3841,20,0.005882915109395981,0.00016207007865887135,0.012730674713418428,0.05693330988287926,0.04075602442026138
3842,20,0.006098475307226181,0.00017536322411615402,0.013242478020225445,0.059222158044576645,0.04409145563840866
3843,20,0.005530604161322117,0.00016202856204472482,0.012729044034990405,0.05692601576447487,0.04242300987243652
3844,20,0.005735066719353199,0.00017706374637782574,0.013306530215568059,0.059508610516786575,0.04147198423743248
3845,20,0.005526491440832615,0.00015147725935094059,0.012307609814701657,0.05504130199551582,0.04164540767669678
3846,20,0.004244412295520306,0.00013269370538182557,0.011519275384407892,0.051515765488147736,0.04039033129811287
3847,20,0.00486017158254981,0.00011354447633493692,0.010655725049706233,0.04765385016798973,0.036521703004837036
3848,20,0.005807323846966028,0.00016763756866566837,0.012947492755961224,0.057902947068214417,0.0452704057097435
3849,20,0.005312385968863964,0.00012707398855127394,0.011272709902737404,0.050413090735673904,0.04078458249568939
3850,20,0.005538099445402622,0.00011717865709215403,0.01082490910318207,0.04841046407818794,0.03973512351512909
3851,20,0.006701360456645489,0.00010640306572895497,0.010315186170348791,0.046130914241075516,0.0327901653945446
3852,20,0.004577080253511667,0.00011436934437369928,0.010694360400402602,0.04782663658261299,0.039598073810338974
3853,20,0.0058107925578951836,0.0001281251315958798,0.01131923723560381,0.050621166825294495,0.04239465668797493
3854,20,0.005108675453811884,0.00012656125181820244,0.011249944525116665,0.05031128227710724,0.04187220335006714
3855,20,0.007104190997779369,0.000170608313055709,0.01306171171997411,0.05841374769806862,0.040865685790777206
3856,20,0.004402228631079197,0.00011943647405132651,0.010928699559020118,0.048874631524086,0.04023674130439758
3857,20,0.0054686167277395725,0.00013376344577409327,0.011565614803117614,0.05172299966216087,0.042571913450956345
3858,20,0.006412777118384838,0.00012676315964199603,0.01125891467424796,0.05035139620304108,0.042947910726070404
3859,20,0.004358588717877865,0.00011782554065575823,0.010854747378716754,0.04854390770196915,0.03927651047706604
3860,20,0.004213981330394745,0.00011800583160948008,0.010863048909467364,0.04858103394508362,0.040344756096601486
3861,20,0.004783368669450283,0.00011985704622929916,0.010947924288617416,0.0489606074988842,0.04032023623585701
3862,20,0.005256518721580505,0.00012472859816625714,0.011168195833090372,0.049945686012506485,0.03996986523270607
3863,20,0.004814843647181988,0.00013103254605084658,0.01144694483479529,0.05119229480624199,0.039779335260391235
3864,20,0.005675149150192738,0.00011720927432179451,0.010826323213436522,0.04841678962111473,0.03724869713187218
3865,20,0.004763495177030563,0.00011651903332676739,0.01079439823828857,0.04827401787042618,0.036910440772771835
3866,20,0.0047322409227490425,0.00011021933460142463,0.010498539641370349,0.04695089906454086,0.037653420120477676
3867,20,0.00465664267539978,0.00011225760681554675,0.01059516903194785,0.047383036464452744,0.039745934307575226
3868,20,0.004429810680449009,0.0001144317357102409,0.010697277023160656,0.04783967509865761,0.038549456745386124
3869,20,0.005735152401030064,0.00013728353951591998,0.01171680585807924,0.05239914730191231,0.042540840804576874
3870,20,0.004117702133953571,0.0001019885967252776,0.010098940376360166,0.0451638363301754,0.03759601712226868
3871,20,0.0045595066621899605,0.00011530343908816576,0.010737943894813652,0.04802154377102852,0.03715023770928383
3872,20,0.0043594250455498695,0.0001197700621560216,0.010943950939035756,0.04894283413887024,0.03833474963903427
3873,20,0.003939042799174786,0.00010597203072393313,0.010294271743252804,0.04603738337755203,0.03744685649871826
3874,20,0.004886078182607889,0.00011557408288354054,0.010750538725270493,0.04807787388563156,0.040055058896541595
3875,20,0.004280156921595335,0.00011007334251189604,0.010491584366142993,0.046919792890548706,0.03802366927266121
3876,20,0.004261021502315998,0.00012164297368144616,0.011029187353628832,0.049324024468660355,0.04160579666495323
3877,20,0.005400477442890406,0.00014227973588276654,0.011928106969790577,0.05334411561489105,0.041254401206970215
3878,20,0.00465936167165637,0.00011425067350501195,0.01068881066840516,0.04780181497335434,0.039769332855939865
3879,20,0.00408159801736474,0.00011502400593599305,0.010724924518894901,0.04796331748366356,0.040834009647369385
3880,20,0.004322111140936613,0.00012119647726649418,0.011008927162375733,0.049233417958021164,0.0419798269867897
3881,20,0.004126327577978373,0.00011059003008995205,0.010516179443597949,0.047029782086610794,0.03803347051143646
3882,20,0.004456025082617998,0.00012623684597201645,0.011235517165311815,0.05024676024913788,0.041705816984176636
3883,20,0.004258675500750542,0.00012022282317047939,0.010964616872945419,0.04903525859117508,0.039760153740644455
3884,20,0.004497704096138477,0.00012324584531597793,0.011101614536452701,0.04964792728424072,0.04064640402793884
3885,20,0.004989068955183029,0.0001142696273745969,0.010689697253645535,0.0478057786822319,0.03710659593343735
3886,20,0.004588455893099308,0.00011216742859687656,0.01059091254788163,0.0473640002310276,0.039967987686395645
3887,20,0.004828492645174265,0.00013460098125506192,0.01160176629893319,0.05188467726111412,0.04203648120164871
3888,20,0.004844156093895435,0.00011702654592227191,0.01081788084248814,0.04837903380393982,0.03978078067302704
3889,20,0.003740037325769663,0.00011381633521523327,0.010668473893450424,0.04771086573600769,0.03870019316673279
3890,20,0.00414643157273531,0.00011693356645992026,0.010813582498872437,0.048359811305999756,0.03917573019862175
3891,20,0.00571924913674593,0.00014181854203343391,0.011908759046745127,0.05325758829712868,0.041064389050006866
3892,20,0.004551212303340435,0.00013063503138255328,0.011429568293796284,0.051114585250616074,0.04263263940811157
3893,20,0.004141904413700104,0.0001228717592312023,0.011084753458295873,0.049572523683309555,0.04025695472955704
3894,20,0.004089648369699717,0.00011820801591966301,0.01087235098401735,0.048622630536556244,0.03967348486185074
3895,20,0.004094085656106472,0.00012004026211798191,0.010956288701836124,0.04899801313877106,0.03964392840862274
3896,20,0.004634051118046045,0.00012970398529432714,0.011388765749383344,0.050932109355926514,0.0400899238884449
3897,20,0.004512333776801825,0.00013338890857994556,0.01154941161185043,0.05165053904056549,0.04119835048913956
3898,20,0.0040799579583108425,0.00012834876542910933,0.011329111413924278,0.05066533014178276,0.03959761559963226
3899,20,0.004497896879911423,0.00013586677960120142,0.011656190612768883,0.05212806910276413,0.03982297331094742
3900,20,0.0045479666441679,0.00014114491932559758,0.01188044272430946,0.05313095450401306,0.03971434384584427
3901,20,0.004451924003660679,0.0001421216584276408,0.011921478869152131,0.05331447720527649,0.04008891433477402
3902,20,0.004213149659335613,0.00013811663666274399,0.01175230346199178,0.052557896822690964,0.03946969658136368
3903,20,0.005368262529373169,0.00014477942022494972,0.012032432016219735,0.05381067469716072,0.0387747660279274
3904,20,0.004292722791433334,0.0001464405213482678,0.012101261147015537,0.05411848798394203,0.04029839485883713
3905,20,0.004332397133111954,0.0001476855541113764,0.012152594542375567,0.05434805527329445,0.03977878391742706
3906,20,0.004536401480436325,0.00015318175428546965,0.012376661677749362,0.05535011366009712,0.04016246646642685
3907,20,0.004874478559941053,0.00016312736261170357,0.01277213226566745,0.05711871013045311,0.040613818913698196
3908,20,0.004443171434104443,0.000154380890307948,0.01242501067637159,0.05556633695960045,0.040392763912677765
3909,20,0.005953076761215925,0.00018246514082420617,0.013507965828510457,0.060409460216760635,0.04218949377536774
3910,20,0.004975880496203899,0.00016569295257795602,0.012872177460630196,0.05756612867116928,0.04082254320383072
3911,20,0.004565095994621515,0.00016526374383829534,0.012855494694421345,0.057491522282361984,0.040719639509916306
3912,20,0.0045289089903235435,0.00016489419795107096,0.012841113579089274,0.05742720142006874,0.04077743738889694
3913,20,0.0048652826808393,0.0001667179458308965,0.012911930368109042,0.05774391070008278,0.04097442328929901
3914,20,0.005622490309178829,0.00017754295549821109,0.013324524588074843,0.05958908423781395,0.04212401062250137
3915,20,0.00452128890901804,0.0001641287817619741,0.012811275571229202,0.057293765246868134,0.0405765026807785
3916,20,0.005049524363130331,0.00017475904314778745,0.013219646105240013,0.0591200552880764,0.0422229990363121
3917,20,0.00482831010594964,0.00016698974650353193,0.012922451257541347,0.057790957391262054,0.041398197412490845
3918,20,0.005547698121517897,0.0001641969138290733,0.012813934361821638,0.057305656373500824,0.040418121963739395
3919,20,0.005066441837698221,0.00017320031474810094,0.01316055905910159,0.0588558092713356,0.042056385427713394
3920,20,0.004560100845992565,0.00016408049850724638,0.012809391027962507,0.05728533864021301,0.04114570468664169
3921,20,0.005273496266454458,0.00017005030531436205,0.013040333788456569,0.05831814184784889,0.04097559675574303
3922,20,0.005020864307880402,0.00017256657883990556,0.013136459905161114,0.0587480328977108,0.04157258942723274
3923,20,0.005144488997757435,0.00016598982620052993,0.012883703900685156,0.0576176717877388,0.041550908237695694
3924,20,0.0046676164492964745,0.00016479124315083027,0.012837104157512717,0.057409271597862244,0.04139170050621033
3925,20,0.004853859543800354,0.00017037471116054803,0.01305276641791111,0.058373741805553436,0.04136897251009941
3926,20,0.004929301328957081,0.00017154982197098434,0.013097702927268749,0.05857471004128456,0.04131464660167694
3927,20,0.004556833766400814,0.0001649737823754549,0.012844212018471779,0.05744106322526932,0.04101955145597458
3928,20,0.004722495563328266,0.000165866847964935,0.012878930389008825,0.05759632959961891,0.04094982147216797
3929,20,0.004666343796998262,0.00017097374075092375,0.013075692744590008,0.058476272970438004,0.04233028367161751
3930,20,0.005014774855226278,0.00016872798732947558,0.012989533761050685,0.05809096246957779,0.04181744158267975
3931,20,0.0047729299403727055,0.00017401811783201993,0.013191592695047097,0.0589945949614048,0.041662268340587616
3932,20,0.0047486042603850365,0.00016511534340679646,0.012849721530321054,0.057465702295303345,0.04055912047624588
3933,20,0.00510652270168066,0.00016060227062553167,0.012672895116173402,0.056674908846616745,0.03988334536552429
3934,20,0.004896455444395542,0.00016360906010959297,0.012790975729380186,0.057202983647584915,0.04074341803789139
3935,20,0.005181635729968548,0.00016849592793732882,0.012980598134805992,0.05805100128054619,0.04145345464348793
3936,20,0.00474591413512826,0.0001663760922383517,0.01289868567871749,0.05768467113375664,0.040772709995508194
3937,20,0.004618137609213591,0.00017057184595614672,0.013060315691289653,0.058407507836818695,0.041573695838451385
3938,20,0.004482222255319357,0.00016024374053813517,0.012658741664878669,0.05661161243915558,0.04003382474184036
3939,20,0.004798533394932747,0.00016562954988330603,0.01286971444451298,0.05755510926246643,0.040694523602724075
3940,20,0.005092543549835682,0.000158433205797337,0.012587025295809054,0.0562908872961998,0.040182456374168396
3941,20,0.005454380065202713,0.0001801498729037121,0.013421992136181279,0.06002496927976608,0.04386625066399574
3942,20,0.00540365232154727,0.00017872490570880473,0.013368803450900336,0.05978710576891899,0.043929703533649445
3943,20,0.005791397299617529,0.0001792019174899906,0.013386632044319086,0.05986683815717697,0.04225829616189003
3944,20,0.005168613977730274,0.00017347355606034398,0.013170936035845895,0.05890221893787384,0.044161658734083176
3945,20,0.004966115113347769,0.0001729275973048061,0.013150193812442694,0.05880945548415184,0.0419420525431633
3946,20,0.005179918371140957,0.000170506740687415,0.013057822968910822,0.0583963617682457,0.04150613769888878
3947,20,0.0052793435752391815,0.0001700515567790717,0.013040381772750048,0.0583183579146862,0.04145610332489014
3948,20,0.005770775023847818,0.00019901702762581408,0.014107339494951346,0.06308993697166443,0.04489787667989731
3949,20,0.0055307550355792046,0.00018598251335788518,0.013637540590512835,0.060988932847976685,0.0430380180478096
3950,20,0.005141142755746841,0.0001624103751964867,0.012744032925117806,0.05699304863810539,0.04173147678375244
3951,20,0.005481372121721506,0.0001643574796617031,0.012820198113200244,0.05733367055654526,0.040363166481256485
3952,20,0.004915355704724789,0.000163086035172455,0.012770514287704118,0.0571114756166935,0.040543731302022934
3953,20,0.004926892463117838,0.0001645208103582263,0.012826566584952744,0.057362150400877,0.04191906377673149
3954,20,0.005674724467098713,0.0001591927430126816,0.012617160655737154,0.056425660848617554,0.0402778685092926
3955,20,0.005417913198471069,0.00016763801977504045,0.012947510176672596,0.057903025299310684,0.04089364409446716
3956,20,0.004601048771291971,0.000168622937053442,0.012985489480702758,0.05807287618517876,0.04158703237771988
3957,20,0.00540041783824563,0.000173211534274742,0.01316098530789933,0.058857712894678116,0.04367072880268097
3958,20,0.004990912973880768,0.00015261636872310191,0.012353799768617828,0.055247873067855835,0.03958963230252266
3959,20,0.005157829262316227,0.00016820317250676453,0.012969316578245923,0.05800054594874382,0.042954158037900925
3960,20,0.004775152541697025,0.00017420409130863845,0.013198639752210773,0.05902610719203949,0.042736850678920746
3961,20,0.00520592276006937,0.00016476440941914916,0.012836058951997267,0.05740460008382797,0.0405612587928772
3962,20,0.005374493543058634,0.00018377610831521451,0.013556404697234976,0.060626085847616196,0.043550558388233185
3963,20,0.006197753362357616,0.00018265878316015005,0.013515131636804359,0.060441505163908005,0.043522726744413376
3964,20,0.004887896124273539,0.00015708729915786535,0.012533447217659846,0.05605128034949303,0.04153052344918251
3965,20,0.005321275442838669,0.00016416548169218004,0.012812707820448417,0.05730017274618149,0.04232914373278618
3966,20,0.005317900329828262,0.00016782086458988488,0.012954569255281507,0.05793459340929985,0.04152098298072815
3967,20,0.004876134917140007,0.000169658349477686,0.01302529652167988,0.058250896632671356,0.04121331870555878
3968,20,0.005556972231715918,0.00016472497372888029,0.012834522730856815,0.05739773064851761,0.04045507311820984
3969,20,0.006277276668697596,0.00015463300223927945,0.01243515187841626,0.055611688643693924,0.03796366974711418
3970,20,0.005497617181390524,0.0001645732409087941,0.012828610248534099,0.057371288537979126,0.04213230311870575
3971,20,0.005282809026539326,0.00016463676001876593,0.01283108569134997,0.057382360100746155,0.04070860892534256
3972,20,0.0050748977810144424,0.00015256303595378995,0.012351641022705848,0.05523821711540222,0.03900831937789917
3973,20,0.005991577170789242,0.00017182082228828222,0.013108044182420283,0.058620959520339966,0.0413537323474884
3974,20,0.005359078757464886,0.00016068849072325975,0.01267629641193593,0.056690119206905365,0.03985278308391571
3975,20,0.006815110798925161,0.00017470787861384451,0.01321771079324421,0.059111397713422775,0.04086238518357277
3976,20,0.005011343862861395,0.00016756984405219555,0.012944877135461563,0.057891249656677246,0.041014090180397034
3977,20,0.005182144232094288,0.00018748237926047295,0.013692420504077173,0.06123436242341995,0.044744379818439484
3978,20,0.005202316679060459,0.00016836216673254967,0.012975444760490859,0.0580279566347599,0.04116860032081604
3979,20,0.006351822521537542,0.00014706731599289924,0.012127131400001372,0.054234180599451065,0.03640817478299141
3980,20,0.004657580517232418,0.00016575687914155424,0.012874660350531747,0.0575772300362587,0.04252437502145767
3981,20,0.006054487079381943,0.00017868517898023129,0.013367317568616048,0.059780459851026535,0.04431022331118584
3982,20,0.006002107169479132,0.00016331730876117945,0.012779566063101652,0.05715195834636688,0.04116253927350044
3983,20,0.004610392730683088,0.0001568894658703357,0.012525552517567267,0.056015972048044205,0.04129490628838539
3984,20,0.0047044409438967705,0.0001607566373422742,0.012678984081631864,0.0567021444439888,0.041087277233600616
3985,20,0.006562153808772564,0.00017148056940641254,0.013095058969184238,0.058562882244586945,0.043540164828300476
3986,20,0.004742931574583054,0.00016325616161338985,0.012777173459470206,0.0571412593126297,0.04162774980068207
3987,20,0.004599166568368673,0.00016836359282024205,0.012975499713700512,0.0580281987786293,0.041606783866882324
3988,20,0.004712395835667849,0.00017060860409401357,0.013061722860863859,0.0584137998521328,0.04123550280928612
3989,20,0.004793976899236441,0.00017214007675647736,0.013120216338021158,0.05867539346218109,0.04191424697637558
3990,20,0.004783636424690485,0.00016506307292729616,0.0128476874544525,0.0574566051363945,0.040731031447649
3991,20,0.004902257584035397,0.00017121480777859688,0.013084907633552361,0.05851748213171959,0.04136614501476288
3992,20,0.0047018504701554775,0.00016324625175911933,0.012776785658338303,0.05713951960206032,0.04065656661987305
3993,20,0.00473806681111455,0.0001634335349081084,0.01278411259759974,0.05717229098081589,0.0417298749089241
3994,20,0.004652060102671385,0.00016560779477003962,0.012868869211008386,0.05755133554339409,0.04072931036353111
3995,20,0.0048584467731416225,0.00017478549852967262,0.01322064667592598,0.059124529361724854,0.04235527664422989
3996,20,0.0047782715409994125,0.0001704877067822963,0.013057094117080427,0.058393098413944244,0.04237489402294159
3997,20,0.004427512176334858,0.0001595757930772379,0.01263233126058836,0.056493502110242844,0.040139202028512955
3998,20,0.004834969528019428,0.00017346597451251,0.01317064821914662,0.05890092998743057,0.04195521026849747
3999,20,0.004732615314424038,0.00016733146912883967,0.012935666551393464,0.05785005912184715,0.04080016538500786
4000,20,0.0049238079227507114,0.00017086710431613028,0.013071614449490556,0.05845803767442703,0.04143305867910385
4001,20,0.006193247158080339,0.00019311779760755599,0.013896682971398462,0.06214785575866699,0.04444357752799988
4002,20,0.00472254678606987,0.00016909828991629183,0.013003779831890874,0.058154668658971786,0.04113359749317169
4003,20,0.004583616741001606,0.0001674413215368986,0.01293991196016799,0.05786904692649841,0.041072163730859756
4004,20,0.004701766185462475,0.00017455857596360147,0.013212061760512681,0.059086136519908905,0.04186888411641121
4005,20,0.004579783417284489,0.00016263012366835028,0.012752651632831121,0.05703159049153328,0.040473077446222305
4006,20,0.005885043181478977,0.00018570036627352238,0.013627192163961084,0.06094265729188919,0.04384462535381317
4007,20,0.005061438772827387,0.0001684011658653617,0.012976947478716314,0.05803467333316803,0.04135551676154137
4008,20,0.004859426524490118,0.00016627371951472014,0.012894716728750583,0.057666927576065063,0.041780512779951096
4009,20,0.0052864281460642815,0.00017676707648206502,0.013295378012003457,0.05945873633027077,0.042306236922740936
4010,20,0.004654036369174719,0.0001624785509193316,0.012746707454057758,0.057005006819963455,0.04079250246286392
4011,20,0.005231871269643307,0.00017076121002901345,0.013067563278171391,0.058439917862415314,0.04148755967617035
4012,20,0.005614658817648888,0.0001647385215619579,0.012835050508741985,0.057400088757276535,0.041375212371349335
4013,20,0.004647421650588512,0.00016932922881096601,0.01301265648555152,0.058194369077682495,0.04155353456735611
4014,20,0.005542997270822525,0.00017231583478860557,0.01312691261449567,0.05870533734560013,0.04269009456038475
4015,20,0.004816561937332153,0.00017223384929820895,0.013123789441247865,0.058691371232271194,0.04268500953912735
4016,20,0.004978115204721689,0.00016373794642277062,0.012796012911167706,0.057225506752729416,0.04160981625318527
4017,20,0.004791070707142353,0.00016293356020469218,0.012764543086405098,0.05708477273583412,0.04109813645482063
4018,20,0.005257348995655775,0.00014934111095499247,0.012220520077107704,0.05465182662010193,0.0406118780374527
4019,20,0.004650936461985111,0.0001550218294141814,0.012450776257494205,0.05568156763911247,0.040882550179958344
4020,20,0.00487519521266222,0.00016580478404648602,0.012876520649868349,0.05758554860949516,0.04215912148356438
4021,20,0.005037494469434023,0.00017058267258107662,0.013060730170288207,0.05840935558080673,0.04600141942501068
4022,20,0.004621089901775122,0.0001510096772108227,0.012288599481259967,0.054956287145614624,0.04219282791018486
4023,20,0.004383100662380457,0.0001419742329744622,0.011915294078387751,0.05328681692481041,0.04099699482321739
4024,20,0.004810284823179245,0.0001439818588551134,0.011999244095155051,0.0536622516810894,0.03944642096757889
4025,20,0.004454481415450573,0.00014084771100897342,0.011867927831301191,0.05307498946785927,0.040391501039266586
4026,20,0.0044033704325556755,0.00013526655675377697,0.011630415158272596,0.05201279744505882,0.040138088166713715
4027,20,0.004292030818760395,0.00014026844291947782,0.01184349791740083,0.05296573415398598,0.04117373749613762
4028,20,0.004416579846292734,0.00014077946252655238,0.011865052150182584,0.05306212604045868,0.041051849722862244
4029,20,0.004749421961605549,0.00014735602599103004,0.012139029038231601,0.054287388920784,0.042173273861408234
4030,20,0.0045151677913963795,0.00012626606621779501,0.011236817441686725,0.05025257542729378,0.038373567163944244
4031,20,0.005155973136425018,0.00013902687351219356,0.011790965758248709,0.052730802446603775,0.03755147382616997
4032,20,0.004257005639374256,0.0001332241081399843,0.011542274825180013,0.05161862447857857,0.04023353010416031
4033,20,0.005317093338817358,0.00014296961307991296,0.01195699013464145,0.05347328633069992,0.0404776893556118
4034,20,0.0042184144258499146,0.0001351491519017145,0.011625366742675884,0.05199022218585014,0.04051681607961655
4035,20,0.004258744418621063,0.00013762661546934396,0.011731437059002788,0.05246458202600479,0.041653845459222794
4036,20,0.005324279889464378,0.00013164457050152123,0.0114736467830207,0.051311708986759186,0.04087374359369278
4037,20,0.004239315632730722,0.00013594010670203716,0.011659335602942269,0.05214213207364082,0.04046759754419327
4038,20,0.004741287790238857,0.00014050662866793573,0.01185354920131248,0.05301068350672722,0.040901247411966324
4039,20,0.004643821157515049,0.00013634054630529135,0.011676495463335365,0.05221887677907944,0.039983417838811874
4040,20,0.004366994369775057,0.000141470882226713,0.011894153279099484,0.053192269057035446,0.04104545712471008
4041,20,0.004685928113758564,0.00013956570182926953,0.011813792863821065,0.05283288657665253,0.04171469807624817
4042,20,0.005440623499453068,0.00015802420966792852,0.012570768061973322,0.056218184530735016,0.043048810213804245
4043,20,0.004674199037253857,0.000128990039229393,0.011357378184660094,0.05079174041748047,0.039201319217681885
4044,20,0.004045969340950251,0.00011839370563393459,0.010880887171271218,0.04866080731153488,0.03877823054790497
4045,20,0.0044048563577234745,0.0001284836616832763,0.011335063373588888,0.05069194361567497,0.04112144932150841
4046,20,0.004586877766996622,0.00012465895269997418,0.011165077370980202,0.04993174225091934,0.03917905315756798
4047,20,0.00454272236675024,0.00011601054575294256,0.01077081917743226,0.048168569803237915,0.03822258859872818
4048,20,0.004175356589257717,0.0001179368919110857,0.010859875317474215,0.04856684058904648,0.04028600826859474
4049,20,0.004052163567394018,0.00011606861517066136,0.010773514522692275,0.04818062111735344,0.0408499576151371
4050,20,0.004259104374796152,0.00012009619968011975,0.010958841165019217,0.049009423702955246,0.04327664524316788
4051,20,0.0037878043949604034,0.00011112864740425721,0.010541757320497242,0.047144170850515366,0.04207485914230347
4052,20,0.0036815658677369356,9.995231812354177e-05,0.009997615621914147,0.04471069946885109,0.04000589996576309
4053,20,0.0037473556585609913,9.578088065609336e-05,0.009786770696000462,0.043767768889665604,0.038998719304800034
4054,20,0.0038483429234474897,0.00010748409840743989,0.01036745380541625,0.046364665031433105,0.04142152890563011
4055,20,0.005332444328814745,0.00013099689385853708,0.0114453874490354,0.051185328513383865,0.043401509523391724
4056,20,0.003632278647273779,0.00010099451901623979,0.010049602928287256,0.0449431911110878,0.040286485105752945
4057,20,0.004059343133121729,0.00010734242096077651,0.010360618753760632,0.04633409529924393,0.041935645043849945
4058,20,0.0037334070075303316,9.661678632255644e-05,0.009829383822120105,0.04395834356546402,0.040035732090473175
4059,20,0.004102052189409733,0.00010319383727619424,0.01015843675356569,0.045429911464452744,0.040025290101766586
4060,20,0.0034927104134112597,9.903645695885643e-05,0.009951706233548921,0.04450538381934166,0.04029855132102966
4061,20,0.004433771129697561,9.840614802669734e-05,0.0099199872997246,0.04436352849006653,0.039100147783756256
4062,20,0.004091671667993069,9.97478055069223e-05,0.009987382315047437,0.044664930552244186,0.039494164288043976
4063,20,0.0033788427244871855,9.691459126770496e-05,0.009844520875477129,0.04402603209018707,0.040186505764722824
4064,20,0.003415629267692566,9.597453754395247e-05,0.009796659509442618,0.043811991810798645,0.04008111730217934
4065,20,0.004092619754374027,0.00010867748642340302,0.010424849467661536,0.04662134125828743,0.04263705015182495
4066,20,0.0038289842195808887,9.888170461636037e-05,0.00994392802751309,0.04447059705853462,0.04144485667347908
4067,20,0.0035809273831546307,9.377751121064648e-05,0.009683878934117592,0.043307624757289886,0.03970406949520111
4068,20,0.004171617329120636,9.262543608201668e-05,0.009624210932955318,0.04304077848792076,0.039301518350839615
4069,20,0.0038525238633155823,0.00010597185610095039,0.01029426326168854,0.04603734612464905,0.04248335584998131
4070,20,0.0037028491497039795,0.00010044795635621995,0.010022372790722761,0.04482141509652138,0.041554324328899384
4071,20,0.003784547094255686,9.933923138305545e-05,0.00996690681119551,0.04457336291670799,0.04119659587740898
4072,20,0.0035882447846233845,9.589512774255127e-05,0.009792605768770193,0.04379386454820633,0.04051707684993744
4073,20,0.003573186695575714,8.522988355252892e-05,0.009232003225331376,0.04128677397966385,0.037650518119335175
4074,20,0.0035702064633369446,9.419747220817953e-05,0.009705538223518545,0.04340448975563049,0.04005298763513565
4075,20,0.003702098038047552,9.515562851447612e-05,0.00975477465216271,0.04362467676401138,0.04072389006614685
4076,20,0.0035388164687901735,9.13854455575347e-05,0.009559573502909776,0.04275171458721161,0.039847515523433685
4077,20,0.0035566333681344986,9.398002293892205e-05,0.009694329421828105,0.04335435852408409,0.04045996442437172
4078,20,0.0033192913979291916,9.150522237177938e-05,0.009565836208705405,0.042779721319675446,0.040049050003290176
4079,20,0.0036393641494214535,8.912642806535587e-05,0.009440679428163836,0.04222000017762184,0.039489492774009705
4080,20,0.004166880622506142,0.00010160081728827208,0.010079723075971487,0.04507789388298988,0.0419311448931694
4081,20,0.0033317357301712036,9.51028341660276e-05,0.009752068199414297,0.04361257702112198,0.040750037878751755
4082,20,0.0033288910053670406,9.362185664940625e-05,0.009675838808568808,0.043271664530038834,0.040358737111091614
4083,20,0.003610260086134076,9.168671385850757e-05,0.009575317950778844,0.04282212257385254,0.03944837301969528
4084,20,0.0037439879961311817,9.041154407896101e-05,0.00950849851863905,0.04252329841256142,0.03914586827158928
4085,20,0.0038704269099980593,9.867791959550232e-05,0.009933676036367519,0.04442474991083145,0.04161403328180313
4086,20,0.00355658121407032,8.772795263212174e-05,0.009366320122231663,0.04188745468854904,0.03905826061964035
4087,20,0.0039667426608502865,9.944797784555703e-05,0.0099723606957208,0.04459775239229202,0.039990440011024475
4088,20,0.004066342022269964,9.254517499357462e-05,0.009620040280246992,0.04302212968468666,0.03929092362523079
4089,20,0.0032681399025022984,7.741907757008448e-05,0.008798811145267552,0.039349477738142014,0.036384519189596176
4090,20,0.003582967910915613,9.729078010423109e-05,0.009863608878307732,0.04411139711737633,0.041164830327034
4091,20,0.004673784598708153,0.00010990201553795487,0.010483416215049123,0.04688326269388199,0.04242715612053871
4092,20,0.0036472429055720568,0.00010108143032994121,0.010053926115202021,0.044962525367736816,0.042195625603199005
4093,20,0.004991645459085703,0.00011652738612610847,0.010794785135708283,0.048275746405124664,0.04152025282382965
4094,20,0.004507866688072681,0.00010929689597105607,0.010454515578019677,0.04675401374697685,0.04308502748608589
4095,20,0.0039715892635285854,0.0001047028781613335,0.010232442433814787,0.0457608699798584,0.04220172017812729
4096,20,0.003588216844946146,0.00010091827425640076,0.01004580879055543,0.044926226139068604,0.042121320962905884
4097,20,0.004081430844962597,0.00010139918595086783,0.010069716279561595,0.04503313824534416,0.041691821068525314
4098,20,0.0042466893792152405,0.00010772122914204374,0.010378883810027153,0.0464157797396183,0.04251671954989433
4099,20,0.004193766508251429,0.00010213079076493159,0.010105977971722063,0.045195307582616806,0.04165844991803169
4100,20,0.003793601645156741,0.00010678486432880163,0.010333676225274412,0.046213600784540176,0.04314959794282913
4101,20,0.00379052828066051,9.905436309054494e-05,0.009952605844227176,0.044509407132864,0.041492920368909836
4102,20,0.005083043128252029,0.00012311535829212517,0.011095736041026082,0.049621641635894775,0.04440771043300629
4103,20,0.004120688419789076,9.143353236140683e-05,0.009562088284543645,0.04276295751333237,0.03897254914045334
4104,20,0.004415776580572128,0.00010816275607794523,0.01040013250290328,0.046510808169841766,0.042454272508621216
4105,20,0.004120753146708012,8.982063445728272e-05,0.009477374871623614,0.042384110391139984,0.03736106678843498
4106,20,0.0045932987704873085,9.199441410601139e-05,0.009591371857352388,0.042893920093774796,0.03960918262600899
4107,20,0.004522598348557949,0.00010148102592211217,0.010073779128118313,0.04505131021142006,0.04083438962697983
4108,20,0.0046896906569600105,8.779647032497451e-05,0.009369977071742199,0.04190380871295929,0.03620206564664841
4109,20,0.004321535583585501,0.00010771781671792269,0.01037871941608996,0.046415045857429504,0.04343601316213608
4110,20,0.004751141183078289,0.00010790314991027117,0.01038764409817121,0.04645495489239693,0.04123762622475624
4111,20,0.0039006657898426056,9.698249778011814e-05,0.009847969221119557,0.044041458517313004,0.04050407558679581
4112,20,0.0039911107160151005,9.156351734418422e-05,0.009568882763634646,0.04279334098100662,0.03924480080604553
4113,20,0.004044635687023401,0.00010302703594788909,0.01015022344324937,0.04539317637681961,0.041670769453048706
4114,20,0.0036949883215129375,9.010944631882012e-05,0.00949259955538103,0.04245219752192497,0.03892659395933151
4115,20,0.0037704757414758205,9.161384514300153e-05,0.009571512165953797,0.04280510172247887,0.039381809532642365
4116,20,0.004279331304132938,8.740722114453092e-05,0.009349182913203214,0.041810814291238785,0.037182897329330444
4117,20,0.0039161331951618195,0.00010239164112135768,0.01011887548699744,0.04525298625230789,0.04214613884687424
4118,20,0.003785307053476572,8.720336336409673e-05,0.00933827411056758,0.041762031614780426,0.039186444133520126
4119,20,0.004310894757509232,9.48207380133681e-05,0.009737594056714836,0.043547842651605606,0.040016405284404755
4120,20,0.004068389534950256,9.828813199419528e-05,0.009914037118863097,0.04433692246675491,0.04069804400205612
4121,20,0.0036046779714524746,9.367695020046085e-05,0.009678685354967421,0.043284397572278976,0.040856607258319855
4122,20,0.0038285753689706326,8.781377982813865e-05,0.009370900694604476,0.041907940059900284,0.03796897083520889
4123,20,0.0038827997632324696,9.84326470643282e-05,0.009921322848508066,0.04436950385570526,0.04136288911104202
4124,20,0.003921664319932461,9.294292976846918e-05,0.009640691353241694,0.04311448335647583,0.040247175842523575
4125,20,0.005815583281219006,0.00010338800348108634,0.010167989156223876,0.045472629368305206,0.037260450422763824
4126,20,0.004104906693100929,0.00010439710604259744,0.010217490202716,0.04569400101900101,0.04269598424434662
4127,20,0.004233411513268948,0.00010227914754068479,0.010113315358510521,0.04522811993956566,0.041939981281757355
4128,20,0.0041387202218174934,0.00010080592619488016,0.010040215445640604,0.04490120708942413,0.04180064797401428
4129,20,0.0038596964441239834,9.241844963980839e-05,0.009613451494640641,0.04299266263842583,0.03943733498454094
4130,20,0.004824161529541016,0.00011528180766617879,0.010736936605297565,0.04801703989505768,0.04369416832923889
4131,20,0.004189926665276289,9.661704098107293e-05,0.009829396776052584,0.0439583994448185,0.04004828631877899
4132,20,0.004480231553316116,9.336198854725808e-05,0.009662400765195887,0.043211571872234344,0.03801045939326286
4133,20,0.004518264438956976,0.00010772891255328432,0.01037925394974438,0.04641743376851082,0.04226348549127579
4134,20,0.004949220456182957,0.00010315573308616877,0.010156561085631729,0.045421525835990906,0.040083274245262146
4135,20,0.004353788681328297,9.311821486335248e-05,0.009649777969640155,0.04315511882305145,0.03900427743792534
4136,20,0.004445611499249935,9.45820429478772e-05,0.009725329966015404,0.04349299892783165,0.0386560782790184
4137,20,0.005039000418037176,0.00011952761269640177,0.010932868456923909,0.0488932728767395,0.04520419239997864
4138,20,0.004636828321963549,9.364062134409323e-05,0.009676808427580513,0.04327600449323654,0.03841572627425194
4139,20,0.004173758905380964,9.734740888234228e-05,0.009866479051938553,0.04412423446774483,0.04031471908092499
4140,20,0.004253578372299671,8.586138574173674e-05,0.009266141901662025,0.041439447551965714,0.03762180358171463
4141,20,0.006392176263034344,0.00013143722026143223,0.011464607287710827,0.05127127841114998,0.044735897332429886
4142,20,0.0035395720042288303,9.205446258420125e-05,0.00959450168503822,0.04290791600942612,0.039707161486148834
4143,20,0.003934514708817005,0.00010100224608322605,0.01004998736731674,0.04494491219520569,0.041430991142988205
4144,20,0.005710652098059654,0.00011616320989560336,0.010777903780216418,0.048200253397226334,0.04162129759788513
4145,20,0.003555361647158861,9.383902215631679e-05,0.00968705435910818,0.04332182556390762,0.03994032368063927
4146,20,0.003283291356638074,9.070489613804966e-05,0.009523911808603104,0.04259222745895386,0.03979342430830002
4147,20,0.005577455274760723,0.0001118596046580933,0.010576370107843867,0.047298967838287354,0.04149977117776871
4148,20,0.005059974268078804,0.00010882980132009834,0.01043215228608643,0.046654004603624344,0.04182078316807747
4149,20,0.004484166391193867,9.803291322896257e-05,0.009901157166158032,0.044279322028160095,0.03968804329633713
4150,20,0.004710434935986996,9.172016871161759e-05,0.009577064723161142,0.042829934507608414,0.03842785954475403
4151,20,0.0065833344124257565,0.0001297880953643471,0.011392457828069722,0.0509486198425293,0.042846620082855225
4152,20,0.004811490885913372,0.00011314231960568577,0.0106368378574502,0.047569382935762405,0.04257526248693466
4153,20,0.003909884952008724,0.00010630767792463303,0.010310561474751656,0.046110231429338455,0.04347345232963562
4154,20,0.0037314966320991516,9.168616816168651e-05,0.00957528945576511,0.04282199591398239,0.03961925953626633
4155,20,0.005050132516771555,0.00011796758190030232,0.0108612882247136,0.04857315868139267,0.04329502210021019
4156,20,0.00555152352899313,0.00011384760728105903,0.010669939422558079,0.047717418521642685,0.04158032312989235
4157,20,0.004756614100188017,0.00010631276381900534,0.010310808106981982,0.0461113341152668,0.0410580113530159
4158,20,0.005260979291051626,0.00011014742631232366,0.01049511440205983,0.04693557694554329,0.04067206010222435
4159,20,0.0038341612089425325,9.697413042886183e-05,0.009847544385726922,0.04403955861926079,0.04087067022919655
4160,20,0.004556219093501568,0.00010560001101111993,0.010276186598691167,0.04595649987459183,0.041734203696250916
4161,20,0.0041704787872731686,0.00010284777818014845,0.010141389361431127,0.04535367339849472,0.04167664051055908
4162,20,0.004631822928786278,0.00010363892943132669,0.010180320693933305,0.045527778565883636,0.04104229435324669
4163,20,0.004664567299187183,0.00010700950224418193,0.010344539730900642,0.04626218602061272,0.04221981391310692
4164,20,0.005500047467648983,0.00011499095853650942,0.010723383726068438,0.0479564294219017,0.042548730969429016
4165,20,0.004625316709280014,0.00010753610695246607,0.01036996176234349,0.046375878155231476,0.042043235152959824
4166,20,0.0037894807755947113,9.575304284226149e-05,0.009785348376131608,0.04376140609383583,0.040143825113773346
4167,20,0.0046128034591674805,0.00010895160812651739,0.010437988701206635,0.04668010398745537,0.04242667555809021
4168,20,0.004561473615467548,0.0001056519104167819,0.010278711515398314,0.045967794954776764,0.04193753004074097
4169,20,0.004554522689431906,0.000107433064840734,0.010364992274031563,0.04635365307331085,0.0422324538230896
4170,20,0.004182244651019573,0.00010020217450801283,0.01001010362124253,0.04476654529571533,0.04138392210006714
4171,20,0.0041069514118134975,0.0001010385894915089,0.010051795336730096,0.04495299607515335,0.04133167117834091
4172,20,0.004770925734192133,0.00011608241766225547,0.010774155078810379,0.048183489590883255,0.04343892261385918
4173,20,0.003996301908046007,9.692993626231328e-05,0.009845300211893657,0.04402951896190643,0.04065437614917755
4174,20,0.0041632624343037605,0.00010228698374703526,0.01011370277134123,0.04522985592484474,0.03967166692018509
4175,20,0.0038974303752183914,8.614479884272441e-05,0.009281422242454247,0.0415077842772007,0.038061536848545074
4176,20,0.004223765805363655,9.827075700741261e-05,0.00991316079802061,0.04433300718665123,0.040822841227054596
4177,20,0.0038599122781306505,9.65978397289291e-05,0.009828420001654849,0.0439540296792984,0.040624525398015976
4178,20,0.004387820139527321,0.00010003190254792571,0.010001595000195004,0.044728491455316544,0.04042603075504303
4179,20,0.00415644608438015,9.971966210287064e-05,0.009985973267682557,0.04465862736105919,0.04127642512321472
4180,20,0.005181394517421722,0.000103880709502846,0.010192188651258668,0.045580849051475525,0.040684692561626434
4181,20,0.005317911505699158,0.00010995969932992011,0.010486167046634347,0.04689556360244751,0.04001261293888092
4182,20,0.004229515790939331,0.000116377355880104,0.010787833697276946,0.0482446625828743,0.04599560797214508
4183,20,0.0044024186208844185,0.0001046361867338419,0.010229183092204474,0.045746296644210815,0.04191812127828598
4184,20,0.004323035012930632,9.530445095151663e-05,0.009762399856158148,0.0436587817966938,0.04018739238381386
4185,20,0.003780475351959467,0.00010004104115068913,0.010002051847030645,0.0447305366396904,0.04165700450539589
4186,20,0.00388312223367393,0.00010033154103439301,0.010016563334517134,0.044795434921979904,0.04156094416975975
4187,20,0.004300419706851244,0.00010114845645148307,0.010057258893529741,0.04497743025422096,0.04113374650478363
4188,20,0.004889759235084057,0.00010251272760797292,0.010124856917901257,0.04527973756194115,0.04063252732157707
4189,20,0.004159647040069103,9.928690269589424e-05,0.009964281343674226,0.04456161707639694,0.04040287062525749
4190,20,0.003881522687152028,9.55864816205576e-05,0.009776833926203186,0.04372333362698555,0.040328335016965866
4191,20,0.006062266882508993,0.00013035055599175394,0.011417116798550935,0.05105890333652496,0.043284088373184204
4192,20,0.004300437401980162,9.424965537618846e-05,0.009708226170428276,0.04341650754213333,0.040071215480566025
4193,20,0.0041738650761544704,9.673662134446204e-05,0.009835477687660221,0.04398559033870697,0.04026924818754196
4194,20,0.0039244722574949265,8.447623258689418e-05,0.00919109528766263,0.041103824973106384,0.037379875779151917
4195,20,0.0036821390967816114,9.221779328072444e-05,0.009603009594951181,0.04294596239924431,0.03983717039227486
4196,20,0.004648176953196526,9.971416147891432e-05,0.009985697846365786,0.0446573942899704,0.04085221141576767
4197,20,0.003966164775192738,0.00010175385978072882,0.01008731182132925,0.04511183127760887,0.041574928909540176
4198,20,0.004278772510588169,9.659989882493392e-05,0.009828524753234024,0.043954502791166306,0.03995095193386078
4199,20,0.003618827788159251,9.419380512554199e-05,0.009705349304664,0.043403640389442444,0.04028491675853729
4200,20,0.004208297934383154,9.147102537099272e-05,0.009564048586816816,0.042771726846694946,0.03843708336353302
4201,20,0.00389925017952919,9.327659790869802e-05,0.009657981047232285,0.043191805481910706,0.040240317583084106
4202,20,0.003571192966774106,9.394071821589023e-05,0.009692302008083024,0.043345291167497635,0.03993917256593704
4203,20,0.00346784433349967,9.347571176476777e-05,0.009668283806589862,0.04323787987232208,0.040296606719493866
4204,20,0.003933054395020008,9.603957732906565e-05,0.009799978435132684,0.043826837092638016,0.04028523713350296
4205,20,0.0035321463365107775,9.656570910010487e-05,0.0098267852881858,0.04394672065973282,0.0408601313829422
4206,20,0.0038886431138962507,9.090457751881331e-05,0.009534389205335248,0.04263908416032791,0.039474666118621826
4207,20,0.0035399175249040127,9.249210415873677e-05,0.009617281536834449,0.043009791523218155,0.0396481491625309
4208,20,0.003825569059699774,9.167125972453505e-05,0.009574510939183005,0.04281851649284363,0.03972611576318741
4209,20,0.0037827908527106047,8.757889736443758e-05,0.009358359758228874,0.04185185581445694,0.03883352875709534
4210,20,0.00382455182261765,8.99575388757512e-05,0.009484594818744299,0.042416393756866455,0.039170946925878525
4211,20,0.00362168881110847,9.145194053417072e-05,0.00956305079638139,0.04276726394891739,0.03986530005931854
4212,20,0.00395774282515049,9.29836169234477e-05,0.009642801300630834,0.043123919516801834,0.04014525189995766
4213,20,0.0036348074208945036,9.743303235154599e-05,0.009870817207888412,0.04414363577961922,0.040802888572216034
4214,20,0.004005767405033112,9.768089512363076e-05,0.009883364564946026,0.04419974982738495,0.04046962410211563
4215,20,0.004037254955619574,8.315609011333436e-05,0.009118996113242638,0.04078139364719391,0.0371430367231369
4216,20,0.004014655016362667,9.487622446613386e-05,0.009740442724339273,0.043560583144426346,0.04024568200111389
4217,20,0.0040988679975271225,9.723110997583717e-05,0.009860583652899923,0.04409787431359291,0.040566883981227875
4218,20,0.0036194161511957645,8.985913882497698e-05,0.009479406037562532,0.042393192648887634,0.03968777880072594
4219,20,0.003724887501448393,9.16289136512205e-05,0.009572299287591278,0.04280862212181091,0.039869554340839386
4220,20,0.0038011628203094006,9.52307163970545e-05,0.009758622669058093,0.04364188760519028,0.04055599868297577
4221,20,0.0041779037564992905,9.599901386536658e-05,0.009797908647531195,0.04381757974624634,0.040041733533144
4222,20,0.004252137150615454,9.218179184244946e-05,0.009601134924708092,0.04293758049607277,0.03837220370769501
4223,20,0.0042611779645085335,9.623968799132854e-05,0.009810182872471264,0.04387247562408447,0.040248848497867584
4224,20,0.0040879203006625175,9.257651254301891e-05,0.009621668906329033,0.043029412627220154,0.038993027061223984
4225,20,0.0038745671045035124,8.747350511839613e-05,0.009352727148719571,0.04182666912674904,0.03845991939306259
4226,20,0.003904151963070035,7.939556235214695e-05,0.00891041875290645,0.039848607033491135,0.03600543737411499
4227,20,0.00471894908696413,9.143989882431924e-05,0.00956242118003172,0.04276444762945175,0.03834788128733635
4228,20,0.00393651332706213,8.559563138987869e-05,0.009251790712606867,0.04137526825070381,0.037145309150218964
4229,20,0.004514186177402735,8.786511170910671e-05,0.009373639192389833,0.04192018881440163,0.03822720795869827
4230,20,0.003630831139162183,8.199097646865994e-05,0.009054886883261433,0.040494684129953384,0.03678736463189125
4231,20,0.003733668476343155,7.493514567613602e-05,0.008656508861899006,0.038713082671165466,0.03497086837887764
4232,20,0.0034934491850435734,6.993659189902246e-05,0.008362810048005542,0.03739962354302406,0.03360430896282196
4233,20,0.0032929026056081057,7.092200394254178e-05,0.00842152028689249,0.03766218572854996,0.03373553231358528
4234,20,0.0035015896428376436,6.729161395924166e-05,0.008203146588915845,0.03668558597564697,0.033069007098674774
4235,20,0.004039968363940716,6.257840868784115e-05,0.007910651596919255,0.03537750989198685,0.030613679438829422
4236,20,0.003129130695015192,6.111233233241364e-05,0.00781743770889245,0.03496064618229866,0.0309523306787014
4237,20,0.0034067011438310146,6.619518535444513e-05,0.008136042364346755,0.03638548403978348,0.03235568478703499
4238,20,0.0034821555018424988,6.430332723539323e-05,0.008018935542538875,0.035861771553754807,0.031745534390211105
4239,20,0.0038997482042759657,7.351934618782252e-05,0.008574342318091954,0.03834562376141548,0.0326346717774868
4240,20,0.003053010441362858,5.5013690143823624e-05,0.007417121418975398,0.03317037597298622,0.028718339279294014
4241,20,0.00332843279466033,5.270005203783512e-05,0.007259480149283082,0.0324653796851635,0.028337841853499413
4242,20,0.003799835918471217,5.832790702697821e-05,0.007637270914860767,0.03415491431951523,0.02932218462228775
4243,20,0.003336450085043907,5.1069724577246234e-05,0.00714630845802546,0.03195926174521446,0.02697247639298439
4244,20,0.003654103260487318,4.9986316298600286e-05,0.0070701001618506286,0.031618449836969376,0.027110837399959564
4245,20,0.003407007548958063,5.1653030823217705e-05,0.007187004301043496,0.03214126080274582,0.0271962508559227
4246,20,0.003029042389243841,4.704016464529559e-05,0.0068585832826681915,0.03067251853644848,0.026134340092539787
4247,20,0.0034494330175220966,4.864986112806946e-05,0.006974945241940575,0.031192902475595474,0.026169627904891968
4248,20,0.0034717500675469637,4.5289321860764176e-05,0.00672973415973946,0.030096285045146942,0.024468274787068367
4249,20,0.003361368551850319,3.9838232623878866e-05,0.0063117535300325905,0.02822702005505562,0.02028997428715229
4250,20,0.0032123965211212635,3.378667315701023e-05,0.005812630485159901,0.02599487267434597,0.01910620927810669
4251,20,0.002401551231741905,2.8392625608830713e-05,0.005328473102947102,0.023829657584428787,0.017754703760147095
4252,20,0.003353364299982786,3.394424493308179e-05,0.005826168975671903,0.02605541981756687,0.01817353442311287
4253,20,0.00273128948174417,3.0462551876553334e-05,0.005519289073472537,0.024683009833097458,0.018301531672477722
4254,20,0.0031981158535927534,3.2003641535993665e-05,0.005657176109685261,0.025299660861492157,0.016972161829471588
4255,20,0.0027573483530431986,2.8435966669349e-05,0.005332538482688053,0.02384783700108528,0.016956202685832977
4256,20,0.0028115559834986925,2.762547774182167e-05,0.005255994457932929,0.023505523800849915,0.016592957079410553
4257,20,0.002546797040849924,2.7790703825303353e-05,0.005271688896862499,0.023575710132718086,0.016505295410752296
4258,20,0.0026690345257520676,2.6144354706048034e-05,0.005113155063759364,0.02286672405898571,0.015728358179330826
4259,20,0.0028766703326255083,2.964991108456161e-05,0.005445173191420233,0.024351555854082108,0.016695698723196983
4260,20,0.0030317287892103195,2.6613124646246433e-05,0.005158791006257807,0.023070814087986946,0.015418690629303455
4261,20,0.0027612238191068172,2.6676110792323016e-05,0.005164892137530368,0.02309810183942318,0.015856105834245682
4262,20,0.0024664851371198893,2.4089511498459615e-05,0.004908106712211911,0.02194971963763237,0.015029064379632473
4263,20,0.002931492868810892,2.851838871720247e-05,0.005340261109459206,0.023882372304797173,0.017476264387369156
4264,20,0.0026435009203851223,2.696190495043993e-05,0.005192485430931889,0.02322150021791458,0.016309190541505814
4265,20,0.002852113451808691,2.6019795768661425e-05,0.005100960279071131,0.022812187671661377,0.015381665900349617
4266,20,0.002959158970043063,2.6006067855632864e-05,0.005099614481079218,0.02280616946518421,0.015564504079520702
4267,20,0.0024974823463708162,2.4245931854238734e-05,0.004924015825953317,0.022020868957042694,0.015192008577287197
4268,20,0.002548247342929244,2.403754842816852e-05,0.004902810258226247,0.02192603424191475,0.0152134383097291
4269,20,0.002478497801348567,2.3957871235325e-05,0.004894677847961498,0.021889664232730865,0.015279256738722324
4270,20,0.002570905489847064,2.1982326870784163e-05,0.0046885314194088715,0.020967749878764153,0.014209883287549019
4271,20,0.0027056168764829636,2.4122142349369824e-05,0.004911429766307345,0.021964581683278084,0.01468888483941555
4272,20,0.0026612170040607452,2.4372773623326793e-05,0.004936878935453734,0.022078394889831543,0.015942687168717384
4273,20,0.0019147914135828614,1.7509972167317756e-05,0.004184491864888467,0.01871361769735813,0.014070810750126839
4274,20,0.0027677128091454506,2.449691601213999e-05,0.004949435928683186,0.022134549915790558,0.015427209436893463
4275,20,0.002405694453045726,2.0907396901748143e-05,0.00457246070532576,0.02044866606593132,0.013711173087358475
4276,20,0.0023642571177333593,2.4050092179095373e-05,0.004904089332291508,0.021931754425168037,0.015625271946191788
4277,20,0.002506255405023694,2.4188173483707942e-05,0.004918147362951617,0.02199462428689003,0.01555476151406765
4278,20,0.0027677989564836025,2.6826903194887564e-05,0.005179469393179919,0.023163290694355965,0.016041506081819534
4279,20,0.0032482161186635494,3.170131822116673e-05,0.00563039236831384,0.025179879739880562,0.0173020139336586
4280,20,0.002651065122336149,2.7084193789050914e-05,0.005204247667920015,0.023274103179574013,0.01640639826655388
4281,20,0.0025835828855633736,2.606669659144245e-05,0.005105555463555601,0.022832736372947693,0.016889266669750214
4282,20,0.0028108214028179646,3.0005432563484646e-05,0.00547772147553019,0.02449711412191391,0.017976928502321243
4283,20,0.0026810579001903534,2.8234537239768542e-05,0.005313618093142237,0.023763222619891167,0.016917884349822998
4284,20,0.003037541639059782,2.8825375920860097e-05,0.005368926887270872,0.024010570719838142,0.017987798899412155
4285,20,0.002737313276156783,3.057333015021868e-05,0.0055293155227585525,0.024727851152420044,0.01878424733877182
4286,20,0.002829558216035366,3.0549668736057356e-05,0.005527175475417563,0.024718279018998146,0.018322624266147614
4287,20,0.0026737512089312077,3.0154164051054977e-05,0.005491280729579847,0.024557754397392273,0.018576370552182198
4288,20,0.002887292532250285,3.536629446898587e-05,0.005946956740130693,0.026595601812005043,0.02045568823814392
4289,20,0.002818817738443613,3.921493043890223e-05,0.00626218256192697,0.028005331754684448,0.02323172613978386
4290,20,0.003162187756970525,4.5742635848000646e-05,0.00676333023354624,0.03024653159081936,0.026052579283714294
4291,20,0.00348689965903759,6.0940918046981096e-05,0.0078064664251491596,0.03491158038377762,0.030740300193428993
4292,20,0.003968250006437302,9.260769002139568e-05,0.009623288939930863,0.04303665831685066,0.039360374212265015
4293,20,0.004290068056434393,9.694192704046145e-05,0.009845909152559831,0.04403224214911461,0.03960715979337692
4294,20,0.004345225635915995,0.00011586006439756602,0.010763831306628975,0.04813731834292412,0.044146738946437836
4295,20,0.004255939275026321,0.0001070330836228095,0.010345679466463743,0.04626728966832161,0.04275587946176529
4296,20,0.003970335237681866,0.00010213411587756127,0.010106142482547991,0.0451960451900959,0.04236668720841408
4297,20,0.004154650028795004,9.29833113332279e-05,0.009642785455107248,0.04312384873628616,0.04005071520805359
4298,20,0.00419390294700861,0.0001114625483751297,0.01055758250619571,0.047214943915605545,0.04350566118955612
4299,20,0.003230709582567215,9.753960330272093e-05,0.00987621401665238,0.04416777193546295,0.04135473817586899
4300,20,0.003805811982601881,0.00010120139631908387,0.010059890472519265,0.044989198446273804,0.0417402908205986
4301,20,0.0037999004125595093,0.00010510139691177756,0.010251897234745263,0.045847877860069275,0.04253530874848366
4302,20,0.0035338581074029207,9.946259524440393e-05,0.009973093564406378,0.04460103064775467,0.04193657636642456
4303,20,0.004926005378365517,0.00011126840399811044,0.010548383951966786,0.04717380926012993,0.042106516659259796
4304,20,0.004839818924665451,0.00010176331124966964,0.010087780293487246,0.04511392116546631,0.040819235146045685
4305,20,0.003903342876583338,0.00010586380813037977,0.010289013953260038,0.04601386934518814,0.042668428272008896
4306,20,0.003966116812080145,0.00010318467684555799,0.010157985865591563,0.04542789235711098,0.04209243133664131
4307,20,0.00452064722776413,0.00010167896107304841,0.01008359861721243,0.04509522393345833,0.04115532338619232
4308,20,0.003970247693359852,9.959611634258181e-05,0.009979785385597318,0.044630955904722214,0.04119964689016342
4309,20,0.0036155148409307003,9.517788566881791e-05,0.009755915419314474,0.043629780411720276,0.0411418154835701
4310,20,0.0047182985581457615,0.00010992861643899232,0.010484684851677343,0.046888936311006546,0.04282653331756592
4311,20,0.0042245639488101006,9.61991390795447e-05,0.009808115980123027,0.04386322945356369,0.040290575474500656
4312,20,0.003943132236599922,9.672860323917121e-05,0.00983507006783232,0.04398377239704132,0.040582094341516495
4313,20,0.004166153259575367,9.562350169289857e-05,0.00977872699756459,0.043731797486543655,0.04001646116375923
4314,20,0.004001045133918524,0.00010039233893621713,0.010019597743233863,0.0448090024292469,0.04162155091762543
4315,20,0.0040707821026444435,9.897458221530542e-05,0.009948596997331102,0.0444914773106575,0.040687840431928635
4316,20,0.003803274827077985,9.572946873959154e-05,0.009784143740746635,0.04375602304935455,0.04045921191573143
4317,20,0.004368353635072708,9.978366870200261e-05,0.009989177578860165,0.04467296227812767,0.039941199123859406
4318,20,0.004025249741971493,0.00010257850954076275,0.010128104933340825,0.04529426246881485,0.040802963078022
4319,20,0.004703358747065067,0.00011238879233133048,0.010601358041842115,0.04741071164608002,0.0423557311296463
4320,20,0.004111998248845339,0.00010315167310182005,0.01015636121363454,0.04542062431573868,0.04096323624253273
4321,20,0.003858279436826706,0.00010260075941914693,0.010129203296367732,0.04529917240142822,0.04178167134523392
4322,20,0.004294565878808498,0.000103267069789581,0.010162040631171527,0.04544602707028389,0.0412999764084816
4323,20,0.004095223732292652,0.00010892860882449895,0.010436886931671673,0.0466751754283905,0.04272209480404854
4324,20,0.004300301428884268,0.00010472674330230802,0.010233608518128295,0.045766089111566544,0.041819602251052856
4325,20,0.0037894502747803926,0.00010039843618869781,0.010019902004944849,0.04481036216020584,0.040913328528404236
4326,20,0.005459523759782314,0.00011798235209425911,0.010861968150121741,0.048576194792985916,0.043856050819158554
4327,20,0.004802425857633352,0.00011517776874825358,0.010732090604735574,0.047995369881391525,0.04288046807050705
4328,20,0.005380145739763975,0.00010835994908120483,0.010409608497979395,0.04655318707227707,0.04169519245624542
4329,20,0.00434407452121377,9.428946941625327e-05,0.00971027648505712,0.043425675481557846,0.040230583399534225
4330,20,0.0045113759115338326,9.727800352266058e-05,0.009862961194421307,0.04410850256681442,0.03973405063152313
4331,20,0.004336674697697163,9.500943997409195e-05,0.009747278593232675,0.043591152876615524,0.039022527635097504
4332,20,0.004273456521332264,0.00010374460543971509,0.01018550958173989,0.045550983399152756,0.04165561497211456
4333,20,0.003938011825084686,0.0001023638978949748,0.010117504529031592,0.045246854424476624,0.04228207841515541
4334,20,0.004221615381538868,0.0001007837345241569,0.010039110245642135,0.04489626735448837,0.041534051299095154
4335,20,0.004229113459587097,0.00010386442590970546,0.01019138979284501,0.0455772839486599,0.04257692024111748
4336,20,0.0036484107840806246,0.00010210757318418473,0.010104829201138667,0.04519017040729523,0.04221372306346893
4337,20,0.0038833669386804104,0.00010277730325469747,0.010137914147135862,0.04533813148736954,0.041765354573726654
4338,20,0.005976752378046513,0.00011015658674295992,0.010495550807030563,0.04693752899765968,0.03877441585063934
4339,20,0.0052323718555271626,0.0001225700689246878,0.011071136749434893,0.0495116300880909,0.04519961029291153
4340,20,0.004755291156470776,9.105553908739239e-05,0.009542302609296793,0.0426744744181633,0.037598103284835815
4341,20,0.004221131559461355,0.00011672108666971326,0.010803753360277772,0.048315852880477905,0.04579875245690346
4342,20,0.004487917758524418,0.00011468711454654112,0.010709206998958472,0.04789302870631218,0.04380723088979721
4343,20,0.005336842965334654,0.0001147272196249105,0.010711079293185655,0.04790140315890312,0.042948171496391296
4344,20,0.003973107784986496,0.00010091328294947743,0.010045560360153008,0.04492511227726936,0.041940316557884216
4345,20,0.004128289874643087,9.744633280206472e-05,0.009871490910802923,0.044146645814180374,0.04021631181240082
4346,20,0.004830289166420698,0.00010016426676884294,0.010008209968263203,0.04475807398557663,0.039114195853471756
4347,20,0.004026047885417938,9.885998588288203e-05,0.009942835907470365,0.04446571320295334,0.041599709540605545
4348,20,0.00501913670450449,0.00012246708502061665,0.011066484763492725,0.04949082434177399,0.045420438051223755
4349,20,0.00437307171523571,9.254736505681649e-05,0.00962015410774778,0.04302263632416725,0.03871377557516098
4350,20,0.00461955601349473,0.00010819535236805677,0.010401699494220009,0.04651781544089317,0.04295354709029198
4351,20,0.005130126141011715,0.00010573149484116584,0.010282582109624306,0.045985106378793716,0.04094427078962326
4352,20,0.004256635904312134,0.00010498709889361635,0.01024632123708877,0.04582294076681137,0.04273562133312225
4353,20,0.004265489522367716,0.00010661451233318076,0.010325430370361361,0.046176727861166,0.04342111572623253
4354,20,0.003993520978838205,0.00011111815547337756,0.010541259672040034,0.047141946852207184,0.044412847608327866
4355,20,0.0038918317295610905,0.00010207479499513283,0.010103207163823418,0.04518291354179382,0.042292091995477676
4356,20,0.004414240829646587,0.00010184689745074138,0.010091922386282079,0.04513245075941086,0.04165007919073105
4357,20,0.004447664599865675,0.00011049746535718441,0.01051177745945872,0.04701010137796402,0.043288782238960266
4358,20,0.004357827361673117,9.778110688785091e-05,0.009888432984444548,0.04422241821885109,0.04177931696176529
4359,20,0.004752845503389835,0.00010669055336620659,0.010329111935021645,0.0461931973695755,0.04235103353857994
4360,20,0.004388610832393169,0.00010484796075616032,0.010239529322979661,0.04579256474971771,0.04259749501943588
4361,20,0.004327482543885708,9.411808423465118e-05,0.009701447532953584,0.04338619112968445,0.039304763078689575
4362,20,0.004347397945821285,0.00010178804950555786,0.010089006368595367,0.04511940851807594,0.04130334407091141
4363,20,0.003721927059814334,9.233328455593437e-05,0.00960902099882888,0.04297284781932831,0.04048585146665573
4364,20,0.0036265060771256685,0.0001008817198453471,0.010043989239607294,0.044918086379766464,0.04228399693965912
4365,20,0.0037163898814469576,0.00010223918070551008,0.01011133921424408,0.04521928355097771,0.04248945415019989
4366,20,0.004187482409179211,9.488909563515335e-05,0.009741103409529814,0.043563537299633026,0.04010413587093353
4367,20,0.0039100684225559235,9.008251072373241e-05,0.009491180681228886,0.04244584962725639,0.03899628669023514
4368,20,0.005119906272739172,0.00011476226791273803,0.010712715244639803,0.0479087196290493,0.04325978457927704
4369,20,0.0038910582661628723,0.00010103888052981347,0.010051809813651145,0.044953059405088425,0.04272913932800293
4370,20,0.004321809858083725,0.00010287402983522043,0.010142683561820335,0.04535945877432823,0.04113583639264107
4371,20,0.003412040648981929,0.00010089555144077167,0.010044677766895844,0.044921163469552994,0.04210249334573746
4372,20,0.004389320500195026,0.00011375176109140739,0.01066544706476983,0.04769732803106308,0.04433157294988632
4373,20,0.003933748695999384,0.0001040814895532094,0.010202033598906122,0.045624881982803345,0.04194461181759834
4374,20,0.003628792706876993,8.451051689917222e-05,0.009192960181528702,0.04111216589808464,0.03811248391866684
4375,20,0.0041992031037807465,0.00010157855285797268,0.01007861859869559,0.04507295414805412,0.04095238074660301
4376,20,0.004045531153678894,0.00010140030644834042,0.010069771916401106,0.04503338783979416,0.04173881933093071
4377,20,0.003763957414776087,9.926661005010828e-05,0.009963263022228625,0.04455706849694252,0.04125859588384628
4378,20,0.0035087380092591047,0.00010185777500737458,0.010092461295807608,0.045134857296943665,0.04242699220776558
4379,20,0.0035042676609009504,9.876731928670779e-05,0.009938174846857334,0.044444870203733444,0.04153330996632576
4380,20,0.00373639608733356,0.00010854615538846701,0.010418548621975473,0.04659316688776016,0.04305039346218109
4381,20,0.003866773098707199,0.00010599143570289016,0.010295214213550398,0.04604160040616989,0.04295513778924942
4382,20,0.0036755152978003025,9.605837112758309e-05,0.009800937257608737,0.043831124901771545,0.0411282517015934
4383,20,0.0039488086476922035,9.82068813755177e-05,0.009909938515223881,0.04431859031319618,0.041123002767562866
4384,20,0.0043115983717143536,0.00011599306162679568,0.010770007503562645,0.048164937645196915,0.0443243607878685
4385,20,0.0042781042866408825,0.00011167446064064279,0.010567613762843663,0.04725980386137962,0.04370522499084473
4386,20,0.0036089520435780287,0.00010541583469603211,0.010267221371726242,0.04591640830039978,0.04306383430957794
4387,20,0.0038778483867645264,0.00010803446639329195,0.010393962978252902,0.04648321494460106,0.04341625049710274
4388,20,0.0037768050096929073,9.406727622263134e-05,0.0096988286005389,0.04337448254227638,0.04025161266326904
4389,20,0.004809517879039049,0.00011016054486390203,0.010495739367186193,0.046938374638557434,0.0422753244638443
4390,20,0.0036581032909452915,9.926877828547731e-05,0.009963371833143502,0.04455755278468132,0.04193850979208946
4391,20,0.00456203194335103,0.00010213302448391914,0.010106088485854413,0.0451958030462265,0.04157651588320732
4392,20,0.003671711776405573,0.00010169674351345748,0.010084480329370349,0.0450991690158844,0.04174042120575905
4393,20,0.004364888649433851,0.00011021593672921881,0.010498377814177713,0.04695017263293266,0.04312526434659958
4394,20,0.003711098339408636,0.00010019645560532808,0.010009817960648839,0.04476526752114296,0.04169943556189537
4395,20,0.004041548818349838,0.00011584791354835033,0.010763266862265858,0.04813478887081146,0.044796593487262726
4396,20,0.0037691991310566664,0.00010933901648968458,0.010456529849318299,0.04676302149891853,0.04290313646197319
4397,20,0.004264711402356625,0.0001103763934224844,0.010506017010384306,0.04698433727025986,0.04321811720728874
4398,20,0.004161519464105368,0.00010964022658299655,0.010470922909801053,0.04682739078998566,0.04255355894565582
4399,20,0.004223858006298542,0.0001081556110875681,0.010399788992454034,0.0465092696249485,0.04260321706533432
4400,20,0.00432892981916666,0.00010506624676054344,0.010250182767177542,0.04584021121263504,0.04231089726090431
4401,20,0.005847486201673746,0.00013179592497181147,0.011480240632138835,0.05134119838476181,0.04338661953806877
4402,20,0.003998440690338612,0.00010569384176051244,0.010280751030956466,0.0459769181907177,0.0423634834587574
4403,20,0.004156563431024551,0.00010867874516407028,0.010424909839613496,0.04662160947918892,0.04288797080516815
4404,20,0.004377760924398899,0.00010645236761774868,0.010317575665714727,0.0461416020989418,0.04152688756585121
4405,20,0.0041076443158090115,9.485479677096009e-05,0.009739342727872352,0.043555665761232376,0.040097855031490326
4406,20,0.005167216062545776,0.00013528276758734137,0.011631112052909703,0.05201591178774834,0.04639195278286934
4407,20,0.004922689404338598,0.00010387677320977673,0.010191995546004556,0.04557998850941658,0.04157869517803192
4408,20,0.004142374731600285,0.0001065070609911345,0.010320225820743193,0.04615345224738121,0.042721860110759735
4409,20,0.004148284438997507,0.00010314956307411194,0.010156257335953631,0.04542016237974167,0.04221225157380104
4410,20,0.0042122662998735905,0.00010093348100781441,0.010046565632484288,0.04492960870265961,0.041380710899829865
4411,20,0.004245350603014231,0.00011100705160060897,0.010535988401692979,0.04711837321519852,0.043984416872262955
4412,20,0.005433958955109119,0.00010873937571886927,0.010427817399574529,0.04663461819291115,0.042079947888851166
4413,20,0.0037677281070500612,8.044458081712946e-05,0.008969090300422304,0.0401109904050827,0.035976022481918335
4414,20,0.004848040174692869,0.00011325530795147642,0.010642147713289665,0.0475931316614151,0.04315759614109993
4415,20,0.004512610379606485,0.00010217813542112708,0.010108320108758284,0.04520578309893608,0.04150856286287308
4416,20,0.0042454092763364315,9.847075853031129e-05,0.009923243347329103,0.044378094375133514,0.040990009903907776
4417,20,0.004119037184864283,0.00010266050230711699,0.01013215190900319,0.04531235992908478,0.04223257303237915
4418,20,0.004674289841204882,0.00010758570715552196,0.010372353019229627,0.04638657346367836,0.04228720813989639
4419,20,0.00451080733910203,0.00010047170508187264,0.010023557506288505,0.04482671245932579,0.04099059849977493
4420,20,0.004329326096922159,9.987736120820045e-05,0.009993866179222157,0.044693928211927414,0.04110594093799591
4421,20,0.005087447352707386,0.00011294203432044014,0.010627418986773794,0.047527264803647995,0.04292840510606766
4422,20,0.004640714265406132,0.00010356945858802646,0.010176908105511539,0.04551251605153084,0.04199115186929703
4423,20,0.005210659466683865,9.845249587669969e-05,0.009922323108864158,0.044373977929353714,0.039170339703559875
4424,20,0.004627870861440897,9.848277841228992e-05,0.009923848971658624,0.044380802661180496,0.04067254438996315
4425,20,0.004107375163584948,0.00010164786363020539,0.010082056517903745,0.045088328421115875,0.041948944330215454
4426,20,0.005392073653638363,0.0001073898165486753,0.0103629057965744,0.0463443249464035,0.040703531354665756
4427,20,0.0043534571304917336,9.847609180724248e-05,0.009923512070191806,0.04437929391860962,0.040974073112010956
4428,20,0.0045438795350492,0.00011192349484190345,0.010579390097822437,0.04731247201561928,0.04470657557249069
4429,20,0.004102420061826706,9.641036740504205e-05,0.00981887811336112,0.04391135647892952,0.04105387628078461
4430,20,0.004030996467918158,0.00010517239570617676,0.010255359365043078,0.04586336016654968,0.04335551708936691
4431,20,0.004193479660898447,0.00010488481348147616,0.010241328697072278,0.04580061137676239,0.043282460421323776
4432,20,0.0045784758403897285,0.00010061885404866189,0.010030894977451507,0.04485952481627464,0.041561875492334366
4433,20,0.004317441955208778,0.0001098550419555977,0.010481175599883713,0.04687323793768883,0.043997108936309814
4434,20,0.0043218317441642284,0.00010614514030748978,0.010302676366240462,0.046074967831373215,0.04334120452404022
4435,20,0.005329927895218134,0.00012513859837781638,0.011186536478187356,0.05002771317958832,0.044818900525569916
4436,20,0.0038765654899179935,9.766760922502726e-05,0.009882692407690692,0.04419674351811409,0.04168490320444107
4437,20,0.004422525875270367,9.907324420055375e-05,0.009953554350107993,0.04451364651322365,0.041506748646497726
4438,20,0.004850070457905531,0.00011137100955238566,0.010553246398733692,0.04719555377960205,0.0431230403482914
4439,20,0.00488220015540719,0.00011450953024905175,0.010700912589543555,0.047855935990810394,0.04386472329497337
4440,20,0.005433119833469391,0.00011334191367495805,0.010646215932196662,0.04761132597923279,0.04374450072646141
4441,20,0.004897022154182196,0.00010303330782335252,0.01015053239112868,0.04539456218481064,0.039444245398044586
4442,20,0.003518143203109503,8.957750105764717e-05,0.00946453913604076,0.042326703667640686,0.03985317796468735
4443,20,0.003971466328948736,9.896876144921407e-05,0.009948304450971234,0.04449016973376274,0.041587430983781815
4444,20,0.005133406259119511,0.00011744961375370622,0.010837417300893522,0.04846640303730965,0.0431932657957077
4445,20,0.003902104450389743,0.00010371679672971368,0.010184144378872172,0.04554487764835358,0.04184408485889435
4446,20,0.005191194359213114,0.00011548334441613406,0.010746317714274693,0.048058994114398956,0.04432820528745651
4447,20,0.004538217559456825,9.656340262154117e-05,0.009826667930765809,0.043946195393800735,0.039506033062934875
4448,20,0.004757087677717209,0.00010631045734044164,0.010310696258761657,0.046110834926366806,0.04149250686168671
4449,20,0.004548865370452404,0.00010307988850399852,0.010152826626314395,0.0454048216342926,0.04156330227851868
4450,20,0.003713901387527585,9.471279918216169e-05,0.00973205010170836,0.04352305084466934,0.04078163206577301
4451,20,0.004584088921546936,9.307694563176483e-05,0.00964763938130799,0.043145552277565,0.03874284029006958
4452,20,0.004259210079908371,9.202184446621686e-05,0.009592801700557395,0.042900312691926956,0.03834336996078491
4453,20,0.00472082057967782,8.539452392142266e-05,0.009240915751234974,0.04132663086056709,0.03617062419652939
4454,20,0.004208800382912159,9.202320507029071e-05,0.009592872618266685,0.042900629341602325,0.03869141638278961
4455,20,0.004474172368645668,0.000106857180071529,0.01033717466581314,0.046229247003793716,0.042212121188640594
4456,20,0.004280819557607174,0.00011307934619253501,0.010633877288766079,0.04755614697933197,0.04334423691034317
4457,20,0.004446027334779501,0.00010492309229448438,0.010243197366764168,0.04580897092819214,0.041455261409282684
4458,20,0.004652798641473055,0.00011372470908099785,0.010664178781368862,0.04769165813922882,0.04313688725233078
4459,20,0.00456458842381835,0.00011710486433003098,0.010821500096106407,0.04839521646499634,0.04445691406726837
4460,20,0.004179318901151419,0.00010939107596641406,0.010459018881635794,0.046774156391620636,0.04257957637310028
4461,20,0.004640622530132532,0.00011025083949789405,0.010500039976014093,0.046957604587078094,0.04239177331328392
4462,20,0.005274410359561443,0.0001167947193607688,0.010807160559590516,0.04833109304308891,0.042969342321157455
4463,20,0.004619137849658728,0.00010250464401906356,0.010124457714814338,0.045277953147888184,0.03907669335603714
4464,20,0.003978850785642862,0.00010861492773983628,0.010421848575940655,0.04660792276263237,0.04211574047803879
4465,20,0.004224106203764677,0.00010972049494739622,0.010474755125891785,0.04684452712535858,0.04202892631292343
4466,20,0.004100628197193146,0.00010935430327663198,0.01045726079222623,0.046766288578510284,0.04220839589834213
4467,20,0.0043729753233492374,0.00010710692731663585,0.010349247669112757,0.04628324136137962,0.03995830565690994
4468,20,0.00422560703009367,0.00010861711052712053,0.01042195329710897,0.046608395874500275,0.041746482253074646
4469,20,0.0045295893214643,9.795356163522229e-05,0.009897149167069389,0.044261395931243896,0.03872086852788925
4470,20,0.004399867262691259,0.00010364244371885434,0.010180493294475191,0.04552854597568512,0.03850170969963074
4471,20,0.004421623889356852,0.00011978454131167382,0.010944612433141423,0.048945795744657516,0.04234390705823898
4472,20,0.004259645007550716,0.00011605650797719136,0.010772952611851188,0.048178110271692276,0.04184291139245033
4473,20,0.004554578568786383,0.0001205053849844262,0.010977494476629273,0.049092847853899,0.042148493230342865
4474,20,0.006042723543941975,0.00012764424900524318,0.011297975438335984,0.05052608251571655,0.039878860116004944
4475,20,0.004645265638828278,0.000131003835122101,0.011445690679120287,0.051186684519052505,0.04245524853467941
4476,20,0.004518201109021902,0.00013052098802290857,0.011424578242670867,0.05109226703643799,0.041912537068128586
4477,20,0.0052484492771327496,0.00013914596638642251,0.011796014851907509,0.05275338143110275,0.04087728261947632
4478,20,0.0064045218750834465,0.00015867834736127406,0.01259675939919764,0.056334421038627625,0.04124923795461655
4479,20,0.005121166352182627,0.00013680900156032294,0.01169653801602521,0.05230850726366043,0.0398450531065464
4480,20,0.005955585278570652,0.00015844691370148212,0.012587569809199952,0.05629332363605499,0.04278082773089409
4481,20,0.005165873561054468,0.0001480125793023035,0.01216604205575106,0.05440819635987282,0.04146084189414978
4482,20,0.005484353750944138,0.0001449330011382699,0.012038812281046245,0.053839199244976044,0.040505897253751755
4483,20,0.005416666157543659,0.00014282138727139682,0.011950790236272948,0.05344555899500847,0.03873591125011444
4484,20,0.007126286625862122,0.00017276690050493926,0.01314408233787887,0.058782123029232025,0.04130592197179794
4485,20,0.00504265446215868,0.00015482994785998017,0.012443068265503496,0.05564709007740021,0.04088613763451576
4486,20,0.005806171800941229,0.0001653801155043766,0.012860020042922818,0.05751175805926323,0.04067669063806534
4487,20,0.0057831984013319016,0.0001929261052282527,0.013889784203804345,0.06211700662970543,0.04534628987312317
4488,20,0.005820330698043108,0.000170635903486982,0.013062767834076436,0.05841847509145737,0.041781775653362274
4489,20,0.006178758107125759,0.00017615989781916142,0.013272524169093134,0.059356532990932465,0.04126685857772827
4490,20,0.005709272809326649,0.00018078743596561253,0.013445721846208649,0.060131095349788666,0.042818114161491394
4491,20,0.0060062105767428875,0.00016871017578523606,0.012988848131579493,0.058087896555662155,0.04256586730480194
4492,20,0.005990976933389902,0.00014978949911892414,0.01223885203435862,0.05473380908370018,0.03997355327010155
4493,20,0.006506877951323986,0.00018416219973005354,0.013570637410602847,0.060689736157655716,0.0423053503036499
4494,20,0.005949693266302347,0.00018081764574162662,0.013446845196611235,0.06013612449169159,0.043929848819971085
4495,20,0.005762861110270023,0.00017340615158900619,0.013168376953482391,0.058890774846076965,0.041590072214603424
4496,20,0.005421306937932968,0.00017896006465889513,0.013377595623238698,0.059826429933309555,0.042789723724126816
4497,20,0.0054260557517409325,0.00016785648767836392,0.012955944106021912,0.05794074386358261,0.04092979431152344
4498,20,0.005142137408256531,0.00016775696713011712,0.012952102807270991,0.0579235665500164,0.040762126445770264
4499,20,0.00506869051605463,0.00017209118232131004,0.013118352881414268,0.058667056262493134,0.04135793447494507
4500,20,0.00530262989923358,0.0001765963970683515,0.01328895771188815,0.05943002924323082,0.04189400374889374
4501,20,0.004891213029623032,0.0001696476392680779,0.013024885384066837,0.058249060064554214,0.041149865835905075
4502,20,0.005248473957180977,0.00018041615840047598,0.01343190821888223,0.06006931886076927,0.042505815625190735
4503,20,0.004628282971680164,0.0001740755105856806,0.013193767869175227,0.05900432541966438,0.04178272932767868
4504,20,0.005141206085681915,0.0001835775765357539,0.01354908028375926,0.06059332937002182,0.04416636377573013
4505,20,0.004644269589334726,0.00016987445997074246,0.013033589680926067,0.058287981897592545,0.04114888980984688
4506,20,0.00500959437340498,0.00016923905059229583,0.013009191004528138,0.058178871870040894,0.04096384346485138
4507,20,0.005228289403021336,0.0001590562314959243,0.01261174973966437,0.05640145763754845,0.040064163506031036
4508,20,0.005418884567916393,0.00016561108350288123,0.012868996988999617,0.05755190551280975,0.04168131202459335
4509,20,0.004783283919095993,0.0001725971669657156,0.013137624098965368,0.05875324085354805,0.04238862544298172
4510,20,0.005538460332900286,0.00018101240857504308,0.01345408520022982,0.06016850098967552,0.043480284512043
4511,20,0.006575007922947407,0.0002153429959435016,0.014674569702158274,0.06562667340040207,0.04755150526762009
4512,20,0.00477101793512702,0.00017327391833532602,0.013163355132158595,0.05886831134557724,0.04224614426493645
4513,20,0.0052324095740914345,0.00018419821572024375,0.013571964327990394,0.060695670545101166,0.0438276007771492
4514,20,0.004720478784292936,0.00017211458180099726,0.013119244711529596,0.058671049773693085,0.04196201264858246
4515,20,0.006052275188267231,0.00020212316303513944,0.0142170026037537,0.06358037143945694,0.04456063359975815
4516,20,0.005271627567708492,0.00017188122728839517,0.013110348099436382,0.05863125994801521,0.04167911410331726
4517,20,0.004485189914703369,0.00016918221081141382,0.013007006220165108,0.05816910043358803,0.04159633070230484
4518,20,0.005483309272676706,0.00017052858311217278,0.01305865931526559,0.058400098234415054,0.0419776625931263
4519,20,0.005135443061590195,0.00017315025615971535,0.013158657080405863,0.05884730443358421,0.042530518025159836
4520,20,0.00503536406904459,0.0001706948532955721,0.013065024044967238,0.0584285631775856,0.042853549122810364
4521,20,0.0047990502789616585,0.0001762041647452861,0.013274191679544413,0.05936398729681969,0.04215097427368164
4522,20,0.004679984413087368,0.00016964483074843884,0.013024777570017802,0.058248575776815414,0.041147634387016296
4523,20,0.005419083870947361,0.00017303411732427776,0.013154243320095526,0.058827564120292664,0.0427047535777092
4524,20,0.004886267241090536,0.00017174465756397694,0.013105138593848481,0.05860796198248863,0.04143792390823364
4525,20,0.00511954864487052,0.00017361153732053936,0.013176173090868963,0.05892563983798027,0.042238883674144745
4526,20,0.004697546362876892,0.00017383627709932625,0.013184698597212082,0.05896376073360443,0.04252596199512482
4527,20,0.005246446467936039,0.00018094379629474133,0.01345153509064082,0.06015709415078163,0.04233468696475029
4528,20,0.004591046366840601,0.00017257826402783394,0.013136904659311261,0.05875002220273018,0.042264871299266815
4529,20,0.004831178579479456,0.00017338956240564585,0.013167747051247828,0.05888795852661133,0.042876966297626495
4530,20,0.004661581013351679,0.0001688802003627643,0.012995391504789854,0.058117154985666275,0.04174141213297844
4531,20,0.004931376315653324,0.00017096051305998117,0.013075186922563714,0.05847401171922684,0.041358936578035355
4532,20,0.004794865846633911,0.0001700709981378168,0.0130411271804939,0.058321695774793625,0.04169376939535141
4533,20,0.004464589525014162,0.00017159830895252526,0.013099553769213868,0.058582987636327744,0.04199996218085289
4534,20,0.004848760087043047,0.00016992862219922245,0.013035667309318018,0.05829727649688721,0.041200924664735794
4535,20,0.004684092942625284,0.00017106611630879343,0.013079224606558044,0.05849207192659378,0.04241282492876053
4536,20,0.004724880214780569,0.00016711179341655225,0.012927172676828922,0.057812076061964035,0.04131730645895004
4537,20,0.004576741252094507,0.00016302424774039537,0.012768094914293024,0.05710065737366676,0.04142337292432785
4538,20,0.004614826757460833,0.00015808067109901458,0.012573013604502883,0.05622822418808937,0.03976002335548401
4539,20,0.004779680632054806,0.00016785507614258677,0.012955889631460542,0.05794050171971321,0.04148528352379799
4540,20,0.005187737289816141,0.00017656886484473944,0.013287921765450737,0.059425391256809235,0.042283590883016586
4541,20,0.005036796443164349,0.0001771756069501862,0.013310732772848615,0.059527408331632614,0.04309108853340149
4542,20,0.0046736327931284904,0.00017083462444134057,0.013070372008529082,0.05845247954130173,0.041694141924381256
4543,20,0.004527815617620945,0.0001666205789661035,0.012908159394975858,0.05772704258561134,0.04093633592128754
4544,20,0.006089120637625456,0.00018282970995642245,0.013521453692426064,0.06046978011727333,0.04204951226711273
4545,20,0.005311726126819849,0.00018076066044159234,0.013444726119991895,0.060126643627882004,0.042952246963977814
4546,20,0.004652895964682102,0.00017025985289365053,0.013048365908942412,0.05835406482219696,0.041511379182338715
4547,20,0.00477882195264101,0.00017685948114376515,0.013298852625086314,0.05947427824139595,0.04291277751326561
4548,20,0.004812964238226414,0.0001754973054630682,0.013247539600358559,0.059244800359010696,0.042641595005989075
4549,20,0.004919423721730709,0.00016949282144196332,0.013018940872511993,0.05822247266769409,0.04182231053709984
4550,20,0.004853351041674614,0.00017322381609119475,0.013161451899057139,0.05885980278253555,0.042189572006464005
4551,20,0.005043845623731613,0.00017876281344797462,0.013370221144318243,0.05979344621300697,0.042783427983522415
4552,20,0.005730278789997101,0.00018164725042879581,0.013477657453311233,0.0602739155292511,0.042696282267570496
4553,20,0.0057753873988986015,0.00018938109860755503,0.013761580527234328,0.06154365465044975,0.045364223420619965
4554,20,0.005053242202848196,0.00017641059821471572,0.013281965148829284,0.059398751705884933,0.04203106462955475
4555,20,0.004947955720126629,0.00016814892296679318,0.012967224952424986,0.05799119547009468,0.04092732444405556
4556,20,0.005112272687256336,0.00017687091894913465,0.013299282647915061,0.05947620049118996,0.042199037969112396
4557,20,0.004700207617133856,0.00016776155098341405,0.01295227976008139,0.05792435631155968,0.04106435924768448
4558,20,0.005446443799883127,0.0001719536230666563,0.013113108825395155,0.058643609285354614,0.042349282652139664
4559,20,0.00464270357042551,0.00016772776143625379,0.01295097530830222,0.057918522506952286,0.040919847786426544
4560,20,0.004829013254493475,0.00016478062025271356,0.012836690393271686,0.05740742012858391,0.04072825238108635
4561,20,0.005155122838914394,0.00017980187840294093,0.013409022276174387,0.05996697023510933,0.0437048003077507
4562,20,0.005485460627824068,0.00017410102009307593,0.013194734559401941,0.0590086467564106,0.041390180587768555
4563,20,0.004739751573652029,0.0001719454739941284,0.01311279809934281,0.05864221975207329,0.04195819050073624
4564,20,0.004927047528326511,0.00015513769176322967,0.01245542820473185,0.055702365934848785,0.03969458118081093
4565,20,0.004581908695399761,0.00017271768592763692,0.01314221008535615,0.05877374857664108,0.042023442685604095
4566,20,0.004606145434081554,0.00017807244148571044,0.013344378647419686,0.05967787653207779,0.04262344539165497
4567,20,0.005477590952068567,0.00017290248069912195,0.013149238787820455,0.058805182576179504,0.04169866815209389
4568,20,0.005034789443016052,0.00017373348237015307,0.013180799762159847,0.05894632637500763,0.041720569133758545
4569,20,0.005186575464904308,0.0001684587768977508,0.01297916703404925,0.05804460123181343,0.04081089794635773
4570,20,0.0052777742967009544,0.00017867486167233437,0.013366931647627079,0.05977873504161835,0.042896874248981476
4571,20,0.004544496536254883,0.0001692261139396578,0.013008693782992119,0.05817664787173271,0.04156016185879707
4572,20,0.004866826348006725,0.0001756341807777062,0.013252704658963249,0.05926789715886116,0.042231664061546326
4573,20,0.004769525956362486,0.00017075550567824394,0.01306734501259701,0.058438945561647415,0.041675321757793427
4574,20,0.004504624288529158,0.00017136316455435008,0.013090575409597169,0.05854283645749092,0.041684579104185104
4575,20,0.004855702165514231,0.00015721032104920596,0.012538354000793164,0.056073226034641266,0.039942607283592224
4576,20,0.004612249322235584,0.00016974296886473894,0.013028544387794784,0.05826542153954506,0.04160870984196663
4577,20,0.004889155738055706,0.00017518538516014814,0.01323576160106203,0.059192124754190445,0.04247662052512169
4578,20,0.004660190548747778,0.0001654770749155432,0.01286378929070059,0.05752861499786377,0.04134302958846092
4579,20,0.005455189384520054,0.00016252191562671214,0.012748408356603272,0.057012613862752914,0.04197685793042183
4580,20,0.005179811269044876,0.00016412895638495684,0.012811282386434109,0.05729379504919052,0.040391553193330765
4581,20,0.004686503671109676,0.00017337278404738754,0.013167109935266263,0.058885104954242706,0.042017266154289246
4582,20,0.004599925130605698,0.0001696896506473422,0.013026498019319783,0.05825626850128174,0.04136885702610016
4583,20,0.004661819897592068,0.00016091375437099487,0.012685178531301595,0.056729841977357864,0.0405157096683979
4584,20,0.004595877602696419,0.00017102938727475703,0.013077820432883953,0.058485791087150574,0.04158606752753258
4585,20,0.0051607126370072365,0.00018539393204264343,0.01361594403787866,0.06089235097169876,0.04491431266069412
4586,20,0.004830770194530487,0.00016253063222393394,0.012748750222038783,0.05701414495706558,0.04024195671081543
4587,20,0.004516015760600567,0.00016822482575662434,0.012970151339002346,0.05800427868962288,0.04165976122021675
4588,20,0.004973935894668102,0.00016016163863241673,0.012655498355751018,0.056597109884023666,0.04024825990200043
